測定局コード,日付,時,SO2(ppm),NO(ppm),NO2(ppm),NOx(ppm),CO(ppm),Ox(ppm),NMHC(ppmC),CH4(ppmC),THC(ppmC),SPM(mg/m3),PM2.5(μg/m3),SP(mg/m3),WD(16Dir),WS(m/s),TEMP(℃),HUM(％)
27125520,2025/10/01,01,,0.002,0.009,0.011,,,,,,,,,,,,
27125520,2025/10/01,02,,0.002,0.009,0.011,,,,,,,,,,,,
27125520,2025/10/01,03,,0.002,0.008,0.010,,,,,,,,,,,,
27125520,2025/10/01,04,,0.002,0.008,0.010,,,,,,,,,,,,
27125520,2025/10/01,05,,0.002,0.009,0.011,,,,,,,,,,,,
27125520,2025/10/01,06,,0.002,0.010,0.012,,,,,,,,,,,,
27125520,2025/10/01,07,,0.003,0.012,0.015,,,,,,,,,,,,
27125520,2025/10/01,08,,0.005,0.016,0.021,,,,,,,,,,,,
27125520,2025/10/01,09,,0.009,0.021,0.030,,,,,,,,,,,,
27125520,2025/10/01,10,,0.023,0.042,0.065,,,,,,,,,,,,
27125520,2025/10/01,11,,0.015,0.036,0.051,,,,,,,,,,,,
27125520,2025/10/01,12,,0.010,0.033,0.043,,,,,,,,,,,,
27125520,2025/10/01,13,,0.005,0.026,0.031,,,,,,,,,,,,
27125520,2025/10/01,14,,0.006,0.028,0.034,,,,,,,,,,,,
27125520,2025/10/01,15,,0.006,0.030,0.036,,,,,,,,,,,,
27125520,2025/10/01,16,,-,-,-,,,,,,,,,,,,
27125520,2025/10/01,17,,0.004,0.023,0.027,,,,,,,,,,,,
27125520,2025/10/01,18,,0.004,0.026,0.030,,,,,,,,,,,,
27125520,2025/10/01,19,,0.003,0.016,0.019,,,,,,,,,,,,
27125520,2025/10/01,20,,0.002,0.010,0.012,,,,,,,,,,,,
27125520,2025/10/01,21,,0.002,0.005,0.007,,,,,,,,,,,,
27125520,2025/10/01,22,,0.004,0.010,0.014,,,,,,,,,,,,
27125520,2025/10/01,23,,0.003,0.008,0.011,,,,,,,,,,,,
27125520,2025/10/01,24,,0.002,0.006,0.008,,,,,,,,,,,,
27125520,2025/10/02,01,,0.002,0.007,0.009,,,,,,,,,,,,
27125520,2025/10/02,02,,0.002,0.006,0.008,,,,,,,,,,,,
27125520,2025/10/02,03,,0.002,0.007,0.009,,,,,,,,,,,,
27125520,2025/10/02,04,,0.002,0.007,0.009,,,,,,,,,,,,
27125520,2025/10/02,05,,0.005,0.015,0.020,,,,,,,,,,,,
27125520,2025/10/02,06,,0.004,0.012,0.016,,,,,,,,,,,,
27125520,2025/10/02,07,,0.005,0.014,0.019,,,,,,,,,,,,
27125520,2025/10/02,08,,0.007,0.015,0.022,,,,,,,,,,,,
27125520,2025/10/02,09,,0.007,0.016,0.023,,,,,,,,,,,,
27125520,2025/10/02,10,,0.015,0.023,0.038,,,,,,,,,,,,
27125520,2025/10/02,11,,0.004,0.014,0.018,,,,,,,,,,,,
27125520,2025/10/02,12,,0.009,0.028,0.037,,,,,,,,,,,,
27125520,2025/10/02,13,,0.007,0.029,0.036,,,,,,,,,,,,
27125520,2025/10/02,14,,0.012,0.040,0.052,,,,,,,,,,,,
27125520,2025/10/02,15,,0.009,0.039,0.048,,,,,,,,,,,,
27125520,2025/10/02,16,,0.005,0.029,0.034,,,,,,,,,,,,
27125520,2025/10/02,17,,0.005,0.030,0.035,,,,,,,,,,,,
27125520,2025/10/02,18,,0.005,0.036,0.041,,,,,,,,,,,,
27125520,2025/10/02,19,,0.005,0.036,0.041,,,,,,,,,,,,
27125520,2025/10/02,20,,0.002,0.006,0.008,,,,,,,,,,,,
27125520,2025/10/02,21,,0.002,0.005,0.007,,,,,,,,,,,,
27125520,2025/10/02,22,,0.002,0.004,0.006,,,,,,,,,,,,
27125520,2025/10/02,23,,0.002,0.005,0.007,,,,,,,,,,,,
27125520,2025/10/02,24,,0.002,0.005,0.007,,,,,,,,,,,,
27125520,2025/10/03,01,,0.002,0.005,0.007,,,,,,,,,,,,
27125520,2025/10/03,02,,0.002,0.005,0.007,,,,,,,,,,,,
27125520,2025/10/03,03,,0.002,0.005,0.007,,,,,,,,,,,,
27125520,2025/10/03,04,,0.002,0.006,0.008,,,,,,,,,,,,
27125520,2025/10/03,05,,0.003,0.008,0.011,,,,,,,,,,,,
27125520,2025/10/03,06,,0.006,0.012,0.018,,,,,,,,,,,,
27125520,2025/10/03,07,,0.004,0.012,0.016,,,,,,,,,,,,
27125520,2025/10/03,08,,0.005,0.014,0.019,,,,,,,,,,,,
27125520,2025/10/03,09,,0.005,0.015,0.020,,,,,,,,,,,,
27125520,2025/10/03,10,,0.007,0.020,0.027,,,,,,,,,,,,
27125520,2025/10/03,11,,0.013,0.026,0.039,,,,,,,,,,,,
27125520,2025/10/03,12,,0.005,0.015,0.020,,,,,,,,,,,,
27125520,2025/10/03,13,,0.003,0.010,0.013,,,,,,,,,,,,
27125520,2025/10/03,14,,0.005,0.014,0.019,,,,,,,,,,,,
27125520,2025/10/03,15,,0.003,0.017,0.020,,,,,,,,,,,,
27125520,2025/10/03,16,,0.005,0.016,0.021,,,,,,,,,,,,
27125520,2025/10/03,17,,0.003,0.013,0.016,,,,,,,,,,,,
27125520,2025/10/03,18,,0.002,0.007,0.009,,,,,,,,,,,,
27125520,2025/10/03,19,,0.002,0.009,0.011,,,,,,,,,,,,
27125520,2025/10/03,20,,0.004,0.015,0.019,,,,,,,,,,,,
27125520,2025/10/03,21,,0.002,0.011,0.013,,,,,,,,,,,,
27125520,2025/10/03,22,,0.003,0.010,0.013,,,,,,,,,,,,
27125520,2025/10/03,23,,0.002,0.004,0.006,,,,,,,,,,,,
27125520,2025/10/03,24,,0.002,0.004,0.006,,,,,,,,,,,,
27125520,2025/10/04,01,,0.002,0.005,0.007,,,,,,,,,,,,
27125520,2025/10/04,02,,0.002,0.005,0.007,,,,,,,,,,,,
27125520,2025/10/04,03,,0.002,0.004,0.006,,,,,,,,,,,,
27125520,2025/10/04,04,,0.002,0.004,0.006,,,,,,,,,,,,
27125520,2025/10/04,05,,0.002,0.004,0.006,,,,,,,,,,,,
27125520,2025/10/04,06,,0.002,0.005,0.007,,,,,,,,,,,,
27125520,2025/10/04,07,,0.003,0.009,0.012,,,,,,,,,,,,
27125520,2025/10/04,08,,0.003,0.009,0.012,,,,,,,,,,,,
27125520,2025/10/04,09,,0.003,0.011,0.014,,,,,,,,,,,,
27125520,2025/10/04,10,,0.004,0.012,0.016,,,,,,,,,,,,
27125520,2025/10/04,11,,0.003,0.012,0.015,,,,,,,,,,,,
27125520,2025/10/04,12,,0.004,0.012,0.016,,,,,,,,,,,,
27125520,2025/10/04,13,,0.003,0.010,0.013,,,,,,,,,,,,
27125520,2025/10/04,14,,0.002,0.011,0.013,,,,,,,,,,,,
27125520,2025/10/04,15,,0.003,0.010,0.013,,,,,,,,,,,,
27125520,2025/10/04,16,,0.003,0.012,0.015,,,,,,,,,,,,
27125520,2025/10/04,17,,0.003,0.011,0.014,,,,,,,,,,,,
27125520,2025/10/04,18,,0.002,0.011,0.013,,,,,,,,,,,,
27125520,2025/10/04,19,,0.002,0.011,0.013,,,,,,,,,,,,
27125520,2025/10/04,20,,0.002,0.012,0.014,,,,,,,,,,,,
27125520,2025/10/04,21,,0.004,0.013,0.017,,,,,,,,,,,,
27125520,2025/10/04,22,,0.003,0.013,0.016,,,,,,,,,,,,
27125520,2025/10/04,23,,0.003,0.015,0.018,,,,,,,,,,,,
27125520,2025/10/04,24,,0.002,0.011,0.013,,,,,,,,,,,,
27125520,2025/10/05,01,,0.002,0.013,0.015,,,,,,,,,,,,
27125520,2025/10/05,02,,0.002,0.008,0.010,,,,,,,,,,,,
27125520,2025/10/05,03,,0.002,0.008,0.010,,,,,,,,,,,,
27125520,2025/10/05,04,,0.002,0.007,0.009,,,,,,,,,,,,
27125520,2025/10/05,05,,0.002,0.009,0.011,,,,,,,,,,,,
27125520,2025/10/05,06,,0.003,0.011,0.014,,,,,,,,,,,,
27125520,2025/10/05,07,,0.003,0.007,0.010,,,,,,,,,,,,
27125520,2025/10/05,08,,0.003,0.009,0.012,,,,,,,,,,,,
27125520,2025/10/05,09,,0.003,0.010,0.013,,,,,,,,,,,,
27125520,2025/10/05,10,,0.004,0.012,0.016,,,,,,,,,,,,
27125520,2025/10/05,11,,0.003,0.009,0.012,,,,,,,,,,,,
27125520,2025/10/05,12,,0.004,0.016,0.020,,,,,,,,,,,,
27125520,2025/10/05,13,,0.005,0.018,0.023,,,,,,,,,,,,
27125520,2025/10/05,14,,0.004,0.019,0.023,,,,,,,,,,,,
27125520,2025/10/05,15,,0.003,0.010,0.013,,,,,,,,,,,,
27125520,2025/10/05,16,,0.002,0.005,0.007,,,,,,,,,,,,
27125520,2025/10/05,17,,0.002,0.005,0.007,,,,,,,,,,,,
27125520,2025/10/05,18,,0.002,0.008,0.010,,,,,,,,,,,,
27125520,2025/10/05,19,,0.002,0.008,0.010,,,,,,,,,,,,
27125520,2025/10/05,20,,0.002,0.008,0.010,,,,,,,,,,,,
27125520,2025/10/05,21,,0.002,0.009,0.011,,,,,,,,,,,,
27125520,2025/10/05,22,,0.003,0.013,0.016,,,,,,,,,,,,
27125520,2025/10/05,23,,0.003,0.013,0.016,,,,,,,,,,,,
27125520,2025/10/05,24,,0.002,0.011,0.013,,,,,,,,,,,,
27125520,2025/10/06,01,,0.004,0.013,0.017,,,,,,,,,,,,
27125520,2025/10/06,02,,0.002,0.007,0.009,,,,,,,,,,,,
27125520,2025/10/06,03,,0.005,0.009,0.014,,,,,,,,,,,,
27125520,2025/10/06,04,,0.004,0.008,0.012,,,,,,,,,,,,
27125520,2025/10/06,05,,0.005,0.010,0.015,,,,,,,,,,,,
27125520,2025/10/06,06,,0.005,0.009,0.014,,,,,,,,,,,,
27125520,2025/10/06,07,,0.005,0.010,0.015,,,,,,,,,,,,
27125520,2025/10/06,08,,0.019,0.017,0.036,,,,,,,,,,,,
27125520,2025/10/06,09,,0.027,0.027,0.054,,,,,,,,,,,,
27125520,2025/10/06,10,,0.015,0.026,0.041,,,,,,,,,,,,
27125520,2025/10/06,11,,0.015,0.025,0.040,,,,,,,,,,,,
27125520,2025/10/06,12,,0.019,0.030,0.049,,,,,,,,,,,,
27125520,2025/10/06,13,,0.004,0.012,0.016,,,,,,,,,,,,
27125520,2025/10/06,14,,0.005,0.013,0.018,,,,,,,,,,,,
27125520,2025/10/06,15,,0.004,0.014,0.018,,,,,,,,,,,,
27125520,2025/10/06,16,,0.004,0.015,0.019,,,,,,,,,,,,
27125520,2025/10/06,17,,0.003,0.015,0.018,,,,,,,,,,,,
27125520,2025/10/06,18,,0.003,0.015,0.018,,,,,,,,,,,,
27125520,2025/10/06,19,,0.003,0.013,0.016,,,,,,,,,,,,
27125520,2025/10/06,20,,0.002,0.006,0.008,,,,,,,,,,,,
27125520,2025/10/06,21,,0.002,0.006,0.008,,,,,,,,,,,,
27125520,2025/10/06,22,,0.002,0.010,0.012,,,,,,,,,,,,
27125520,2025/10/06,23,,0.002,0.013,0.015,,,,,,,,,,,,
27125520,2025/10/06,24,,0.002,0.008,0.010,,,,,,,,,,,,
27125520,2025/10/07,01,,0.002,0.005,0.007,,,,,,,,,,,,
27125520,2025/10/07,02,,0.002,0.004,0.006,,,,,,,,,,,,
27125520,2025/10/07,03,,0.003,0.006,0.009,,,,,,,,,,,,
27125520,2025/10/07,04,,0.003,0.007,0.010,,,,,,,,,,,,
27125520,2025/10/07,05,,0.004,0.010,0.014,,,,,,,,,,,,
27125520,2025/10/07,06,,0.006,0.012,0.018,,,,,,,,,,,,
27125520,2025/10/07,07,,0.005,0.013,0.018,,,,,,,,,,,,
27125520,2025/10/07,08,,0.008,0.014,0.022,,,,,,,,,,,,
27125520,2025/10/07,09,,0.022,0.021,0.043,,,,,,,,,,,,
27125520,2025/10/07,10,,0.008,0.014,0.022,,,,,,,,,,,,
27125520,2025/10/07,11,,0.009,0.019,0.028,,,,,,,,,,,,
27125520,2025/10/07,12,,0.007,0.030,0.037,,,,,,,,,,,,
27125520,2025/10/07,13,,0.008,0.038,0.046,,,,,,,,,,,,
27125520,2025/10/07,14,,0.008,0.036,0.044,,,,,,,,,,,,
27125520,2025/10/07,15,,0.005,0.023,0.028,,,,,,,,,,,,
27125520,2025/10/07,16,,0.007,0.028,0.035,,,,,,,,,,,,
27125520,2025/10/07,17,,0.006,0.025,0.031,,,,,,,,,,,,
27125520,2025/10/07,18,,0.005,0.023,0.028,,,,,,,,,,,,
27125520,2025/10/07,19,,0.003,0.018,0.021,,,,,,,,,,,,
27125520,2025/10/07,20,,0.003,0.011,0.014,,,,,,,,,,,,
27125520,2025/10/07,21,,0.002,0.004,0.006,,,,,,,,,,,,
27125520,2025/10/07,22,,0.002,0.004,0.006,,,,,,,,,,,,
27125520,2025/10/07,23,,0.003,0.008,0.011,,,,,,,,,,,,
27125520,2025/10/07,24,,0.002,0.006,0.008,,,,,,,,,,,,
27125520,2025/10/08,01,,0.002,0.005,0.007,,,,,,,,,,,,
27125520,2025/10/08,02,,0.002,0.005,0.007,,,,,,,,,,,,
27125520,2025/10/08,03,,0.002,0.005,0.007,,,,,,,,,,,,
27125520,2025/10/08,04,,0.002,0.005,0.007,,,,,,,,,,,,
27125520,2025/10/08,05,,0.003,0.006,0.009,,,,,,,,,,,,
27125520,2025/10/08,06,,0.003,0.007,0.010,,,,,,,,,,,,
27125520,2025/10/08,07,,0.003,0.011,0.014,,,,,,,,,,,,
27125520,2025/10/08,08,,0.007,0.013,0.020,,,,,,,,,,,,
27125520,2025/10/08,09,,0.016,0.020,0.036,,,,,,,,,,,,
27125520,2025/10/08,10,,0.010,0.018,0.028,,,,,,,,,,,,
27125520,2025/10/08,11,,0.006,0.015,0.021,,,,,,,,,,,,
27125520,2025/10/08,12,,0.004,0.013,0.017,,,,,,,,,,,,
27125520,2025/10/08,13,,0.005,0.017,0.022,,,,,,,,,,,,
27125520,2025/10/08,14,,0.005,0.013,0.018,,,,,,,,,,,,
27125520,2025/10/08,15,,0.003,0.010,0.013,,,,,,,,,,,,
27125520,2025/10/08,16,,0.004,0.015,0.019,,,,,,,,,,,,
27125520,2025/10/08,17,,0.002,0.006,0.008,,,,,,,,,,,,
27125520,2025/10/08,18,,0.002,0.007,0.009,,,,,,,,,,,,
27125520,2025/10/08,19,,0.002,0.006,0.008,,,,,,,,,,,,
27125520,2025/10/08,20,,0.002,0.005,0.007,,,,,,,,,,,,
27125520,2025/10/08,21,,0.002,0.004,0.006,,,,,,,,,,,,
27125520,2025/10/08,22,,0.002,0.003,0.005,,,,,,,,,,,,
27125520,2025/10/08,23,,0.002,0.003,0.005,,,,,,,,,,,,
27125520,2025/10/08,24,,0.002,0.006,0.008,,,,,,,,,,,,
27125520,2025/10/09,01,,0.002,0.005,0.007,,,,,,,,,,,,
27125520,2025/10/09,02,,0.002,0.004,0.006,,,,,,,,,,,,
27125520,2025/10/09,03,,0.002,0.004,0.006,,,,,,,,,,,,
27125520,2025/10/09,04,,0.002,0.009,0.011,,,,,,,,,,,,
27125520,2025/10/09,05,,0.004,0.016,0.020,,,,,,,,,,,,
27125520,2025/10/09,06,,0.005,0.020,0.025,,,,,,,,,,,,
27125520,2025/10/09,07,,0.002,0.009,0.011,,,,,,,,,,,,
27125520,2025/10/09,08,,0.004,0.012,0.016,,,,,,,,,,,,
27125520,2025/10/09,09,,0.007,0.023,0.030,,,,,,,,,,,,
27125520,2025/10/09,10,,0.006,0.018,0.024,,,,,,,,,,,,
27125520,2025/10/09,11,,0.005,0.015,0.020,,,,,,,,,,,,
27125520,2025/10/09,12,,0.004,0.010,0.014,,,,,,,,,,,,
27125520,2025/10/09,13,,0.005,0.015,0.020,,,,,,,,,,,,
27125520,2025/10/09,14,,0.006,0.019,0.025,,,,,,,,,,,,
27125520,2025/10/09,15,,0.004,0.017,0.021,,,,,,,,,,,,
27125520,2025/10/09,16,,0.003,0.014,0.017,,,,,,,,,,,,
27125520,2025/10/09,17,,0.003,0.014,0.017,,,,,,,,,,,,
27125520,2025/10/09,18,,0.003,0.013,0.016,,,,,,,,,,,,
27125520,2025/10/09,19,,0.003,0.012,0.015,,,,,,,,,,,,
27125520,2025/10/09,20,,0.002,0.011,0.013,,,,,,,,,,,,
27125520,2025/10/09,21,,0.002,0.010,0.012,,,,,,,,,,,,
27125520,2025/10/09,22,,0.002,0.009,0.011,,,,,,,,,,,,
27125520,2025/10/09,23,,0.002,0.007,0.009,,,,,,,,,,,,
27125520,2025/10/09,24,,0.002,0.008,0.010,,,,,,,,,,,,
27125520,2025/10/10,01,,0.002,0.007,0.009,,,,,,,,,,,,
27125520,2025/10/10,02,,0.002,0.006,0.008,,,,,,,,,,,,
27125520,2025/10/10,03,,0.002,0.003,0.005,,,,,,,,,,,,
27125520,2025/10/10,04,,0.002,0.003,0.005,,,,,,,,,,,,
27125520,2025/10/10,05,,0.003,0.005,0.008,,,,,,,,,,,,
27125520,2025/10/10,06,,0.007,0.011,0.018,,,,,,,,,,,,
27125520,2025/10/10,07,,0.006,0.011,0.017,,,,,,,,,,,,
27125520,2025/10/10,08,,0.006,0.012,0.018,,,,,,,,,,,,
27125520,2025/10/10,09,,0.008,0.013,0.021,,,,,,,,,,,,
27125520,2025/10/10,10,,0.007,0.014,0.021,,,,,,,,,,,,
27125520,2025/10/10,11,,0.007,0.014,0.021,,,,,,,,,,,,
27125520,2025/10/10,12,,0.004,0.011,0.015,,,,,,,,,,,,
27125520,2025/10/10,13,,0.005,0.012,0.017,,,,,,,,,,,,
27125520,2025/10/10,14,,0.004,0.010,0.014,,,,,,,,,,,,
27125520,2025/10/10,15,,0.007,0.017,0.024,,,,,,,,,,,,
27125520,2025/10/10,16,,0.013,0.020,0.033,,,,,,,,,,,,
27125520,2025/10/10,17,,0.007,0.014,0.021,,,,,,,,,,,,
27125520,2025/10/10,18,,0.008,0.016,0.024,,,,,,,,,,,,
27125520,2025/10/10,19,,0.006,0.013,0.019,,,,,,,,,,,,
27125520,2025/10/10,20,,0.003,0.010,0.013,,,,,,,,,,,,
27125520,2025/10/10,21,,0.004,0.009,0.013,,,,,,,,,,,,
27125520,2025/10/10,22,,0.003,0.009,0.012,,,,,,,,,,,,
27125520,2025/10/10,23,,0.002,0.007,0.009,,,,,,,,,,,,
27125520,2025/10/10,24,,0.002,0.005,0.007,,,,,,,,,,,,
27125520,2025/10/11,01,,0.002,0.005,0.007,,,,,,,,,,,,
27125520,2025/10/11,02,,0.002,0.004,0.006,,,,,,,,,,,,
27125520,2025/10/11,03,,0.002,0.005,0.007,,,,,,,,,,,,
27125520,2025/10/11,04,,0.002,0.005,0.007,,,,,,,,,,,,
27125520,2025/10/11,05,,0.002,0.005,0.007,,,,,,,,,,,,
27125520,2025/10/11,06,,0.003,0.006,0.009,,,,,,,,,,,,
27125520,2025/10/11,07,,0.006,0.009,0.015,,,,,,,,,,,,
27125520,2025/10/11,08,,0.006,0.009,0.015,,,,,,,,,,,,
27125520,2025/10/11,09,,0.004,0.008,0.012,,,,,,,,,,,,
27125520,2025/10/11,10,,0.007,0.011,0.018,,,,,,,,,,,,
27125520,2025/10/11,11,,0.005,0.010,0.015,,,,,,,,,,,,
27125520,2025/10/11,12,,0.006,0.010,0.016,,,,,,,,,,,,
27125520,2025/10/11,13,,0.005,0.010,0.015,,,,,,,,,,,,
27125520,2025/10/11,14,,0.005,0.008,0.013,,,,,,,,,,,,
27125520,2025/10/11,15,,0.003,0.007,0.010,,,,,,,,,,,,
27125520,2025/10/11,16,,0.002,0.006,0.008,,,,,,,,,,,,
27125520,2025/10/11,17,,0.002,0.006,0.008,,,,,,,,,,,,
27125520,2025/10/11,18,,0.002,0.008,0.010,,,,,,,,,,,,
27125520,2025/10/11,19,,0.002,0.008,0.010,,,,,,,,,,,,
27125520,2025/10/11,20,,0.002,0.006,0.008,,,,,,,,,,,,
27125520,2025/10/11,21,,0.002,0.007,0.009,,,,,,,,,,,,
27125520,2025/10/11,22,,0.002,0.008,0.010,,,,,,,,,,,,
27125520,2025/10/11,23,,0.002,0.007,0.009,,,,,,,,,,,,
27125520,2025/10/11,24,,0.002,0.007,0.009,,,,,,,,,,,,
27125520,2025/10/12,01,,0.002,0.006,0.008,,,,,,,,,,,,
27125520,2025/10/12,02,,0.002,0.005,0.007,,,,,,,,,,,,
27125520,2025/10/12,03,,0.002,0.005,0.007,,,,,,,,,,,,
27125520,2025/10/12,04,,0.002,0.005,0.007,,,,,,,,,,,,
27125520,2025/10/12,05,,0.002,0.005,0.007,,,,,,,,,,,,
27125520,2025/10/12,06,,0.003,0.006,0.009,,,,,,,,,,,,
27125520,2025/10/12,07,,0.006,0.008,0.014,,,,,,,,,,,,
27125520,2025/10/12,08,,0.006,0.008,0.014,,,,,,,,,,,,
27125520,2025/10/12,09,,0.011,0.010,0.021,,,,,,,,,,,,
27125520,2025/10/12,10,,0.005,0.010,0.015,,,,,,,,,,,,
27125520,2025/10/12,11,,0.006,0.015,0.021,,,,,,,,,,,,
27125520,2025/10/12,12,,0.003,0.009,0.012,,,,,,,,,,,,
27125520,2025/10/12,13,,0.003,0.007,0.010,,,,,,,,,,,,
27125520,2025/10/12,14,,0.003,0.011,0.014,,,,,,,,,,,,
27125520,2025/10/12,15,,0.002,0.008,0.010,,,,,,,,,,,,
27125520,2025/10/12,16,,0.003,0.008,0.011,,,,,,,,,,,,
27125520,2025/10/12,17,,0.002,0.006,0.008,,,,,,,,,,,,
27125520,2025/10/12,18,,0.002,0.007,0.009,,,,,,,,,,,,
27125520,2025/10/12,19,,0.002,0.008,0.010,,,,,,,,,,,,
27125520,2025/10/12,20,,0.002,0.007,0.009,,,,,,,,,,,,
27125520,2025/10/12,21,,0.003,0.007,0.010,,,,,,,,,,,,
27125520,2025/10/12,22,,0.003,0.006,0.009,,,,,,,,,,,,
27125520,2025/10/12,23,,0.002,0.005,0.007,,,,,,,,,,,,
27125520,2025/10/12,24,,0.002,0.007,0.009,,,,,,,,,,,,
27125520,2025/10/13,01,,0.003,0.008,0.011,,,,,,,,,,,,
27125520,2025/10/13,02,,0.002,0.009,0.011,,,,,,,,,,,,
27125520,2025/10/13,03,,0.002,0.007,0.009,,,,,,,,,,,,
27125520,2025/10/13,04,,0.002,0.006,0.008,,,,,,,,,,,,
27125520,2025/10/13,05,,0.003,0.010,0.013,,,,,,,,,,,,
27125520,2025/10/13,06,,0.004,0.014,0.018,,,,,,,,,,,,
27125520,2025/10/13,07,,0.007,0.019,0.026,,,,,,,,,,,,
27125520,2025/10/13,08,,0.005,0.014,0.019,,,,,,,,,,,,
27125520,2025/10/13,09,,0.004,0.010,0.014,,,,,,,,,,,,
27125520,2025/10/13,10,,0.005,0.011,0.016,,,,,,,,,,,,
27125520,2025/10/13,11,,0.005,0.010,0.015,,,,,,,,,,,,
27125520,2025/10/13,12,,0.005,0.012,0.017,,,,,,,,,,,,
27125520,2025/10/13,13,,0.004,0.011,0.015,,,,,,,,,,,,
27125520,2025/10/13,14,,0.003,0.008,0.011,,,,,,,,,,,,
27125520,2025/10/13,15,,0.004,0.009,0.013,,,,,,,,,,,,
27125520,2025/10/13,16,,0.002,0.006,0.008,,,,,,,,,,,,
27125520,2025/10/13,17,,0.002,0.006,0.008,,,,,,,,,,,,
27125520,2025/10/13,18,,0.002,0.008,0.010,,,,,,,,,,,,
27125520,2025/10/13,19,,0.002,0.007,0.009,,,,,,,,,,,,
27125520,2025/10/13,20,,0.002,0.006,0.008,,,,,,,,,,,,
27125520,2025/10/13,21,,0.002,0.005,0.007,,,,,,,,,,,,
27125520,2025/10/13,22,,0.002,0.004,0.006,,,,,,,,,,,,
27125520,2025/10/13,23,,0.002,0.004,0.006,,,,,,,,,,,,
27125520,2025/10/13,24,,0.002,0.004,0.006,,,,,,,,,,,,
27125520,2025/10/14,01,,0.002,0.004,0.006,,,,,,,,,,,,
27125520,2025/10/14,02,,0.002,0.007,0.009,,,,,,,,,,,,
27125520,2025/10/14,03,,0.004,0.010,0.014,,,,,,,,,,,,
27125520,2025/10/14,04,,0.003,0.007,0.010,,,,,,,,,,,,
27125520,2025/10/14,05,,0.003,0.009,0.012,,,,,,,,,,,,
27125520,2025/10/14,06,,0.009,0.012,0.021,,,,,,,,,,,,
27125520,2025/10/14,07,,0.009,0.015,0.024,,,,,,,,,,,,
27125520,2025/10/14,08,,0.011,0.014,0.025,,,,,,,,,,,,
27125520,2025/10/14,09,,0.017,0.014,0.031,,,,,,,,,,,,
27125520,2025/10/14,10,,0.014,0.018,0.032,,,,,,,,,,,,
27125520,2025/10/14,11,,0.018,0.030,0.048,,,,,,,,,,,,
27125520,2025/10/14,12,,0.021,0.043,0.064,,,,,,,,,,,,
27125520,2025/10/14,13,,0.009,0.031,0.040,,,,,,,,,,,,
27125520,2025/10/14,14,,0.011,0.034,0.045,,,,,,,,,,,,
27125520,2025/10/14,15,,0.011,0.032,0.043,,,,,,,,,,,,
27125520,2025/10/14,16,,0.009,0.028,0.037,,,,,,,,,,,,
27125520,2025/10/14,17,,0.005,0.024,0.029,,,,,,,,,,,,
27125520,2025/10/14,18,,0.005,0.024,0.029,,,,,,,,,,,,
27125520,2025/10/14,19,,0.005,0.027,0.032,,,,,,,,,,,,
27125520,2025/10/14,20,,0.006,0.025,0.031,,,,,,,,,,,,
27125520,2025/10/14,21,,0.005,0.017,0.022,,,,,,,,,,,,
27125520,2025/10/14,22,,0.003,0.012,0.015,,,,,,,,,,,,
27125520,2025/10/14,23,,0.003,0.012,0.015,,,,,,,,,,,,
27125520,2025/10/14,24,,0.002,0.008,0.010,,,,,,,,,,,,
27125520,2025/10/15,01,,0.002,0.008,0.010,,,,,,,,,,,,
27125520,2025/10/15,02,,0.002,0.006,0.008,,,,,,,,,,,,
27125520,2025/10/15,03,,0.002,0.005,0.007,,,,,,,,,,,,
27125520,2025/10/15,04,,0.002,0.006,0.008,,,,,,,,,,,,
27125520,2025/10/15,05,,0.003,0.006,0.009,,,,,,,,,,,,
27125520,2025/10/15,06,,0.005,0.009,0.014,,,,,,,,,,,,
27125520,2025/10/15,07,,0.003,0.007,0.010,,,,,,,,,,,,
27125520,2025/10/15,08,,0.003,0.007,0.010,,,,,,,,,,,,
27125520,2025/10/15,09,,0.004,0.010,0.014,,,,,,,,,,,,
27125520,2025/10/15,10,,0.005,0.013,0.018,,,,,,,,,,,,
27125520,2025/10/15,11,,0.003,0.009,0.012,,,,,,,,,,,,
27125520,2025/10/15,12,,0.005,0.010,0.015,,,,,,,,,,,,
27125520,2025/10/15,13,,0.004,0.011,0.015,,,,,,,,,,,,
27125520,2025/10/15,14,,0.005,0.017,0.022,,,,,,,,,,,,
27125520,2025/10/15,15,,0.005,0.013,0.018,,,,,,,,,,,,
27125520,2025/10/15,16,,0.004,0.012,0.016,,,,,,,,,,,,
27125520,2025/10/15,17,,0.002,0.008,0.010,,,,,,,,,,,,
27125520,2025/10/15,18,,0.005,0.013,0.018,,,,,,,,,,,,
27125520,2025/10/15,19,,0.002,0.007,0.009,,,,,,,,,,,,
27125520,2025/10/15,20,,0.002,0.008,0.010,,,,,,,,,,,,
27125520,2025/10/15,21,,0.004,0.010,0.014,,,,,,,,,,,,
27125520,2025/10/15,22,,0.007,0.010,0.017,,,,,,,,,,,,
27125520,2025/10/15,23,,0.005,0.010,0.015,,,,,,,,,,,,
27125520,2025/10/15,24,,0.005,0.010,0.015,,,,,,,,,,,,
27125520,2025/10/16,01,,0.002,0.006,0.008,,,,,,,,,,,,
27125520,2025/10/16,02,,0.002,0.005,0.007,,,,,,,,,,,,
27125520,2025/10/16,03,,0.002,0.005,0.007,,,,,,,,,,,,
27125520,2025/10/16,04,,0.004,0.008,0.012,,,,,,,,,,,,
27125520,2025/10/16,05,,0.003,0.008,0.011,,,,,,,,,,,,
27125520,2025/10/16,06,,0.005,0.009,0.014,,,,,,,,,,,,
27125520,2025/10/16,07,,0.016,0.015,0.031,,,,,,,,,,,,
27125520,2025/10/16,08,,0.004,0.011,0.015,,,,,,,,,,,,
27125520,2025/10/16,09,,0.008,0.017,0.025,,,,,,,,,,,,
27125520,2025/10/16,10,,0.020,0.024,0.044,,,,,,,,,,,,
27125520,2025/10/16,11,,0.028,0.029,0.057,,,,,,,,,,,,
27125520,2025/10/16,12,,0.006,0.017,0.023,,,,,,,,,,,,
27125520,2025/10/16,13,,0.010,0.019,0.029,,,,,,,,,,,,
27125520,2025/10/16,14,,0.010,0.022,0.032,,,,,,,,,,,,
27125520,2025/10/16,15,,0.011,0.035,0.046,,,,,,,,,,,,
27125520,2025/10/16,16,,0.024,0.045,0.069,,,,,,,,,,,,
27125520,2025/10/16,17,,0.014,0.041,0.055,,,,,,,,,,,,
27125520,2025/10/16,18,,0.011,0.041,0.052,,,,,,,,,,,,
27125520,2025/10/16,19,,0.009,0.036,0.045,,,,,,,,,,,,
27125520,2025/10/16,20,,0.006,0.028,0.034,,,,,,,,,,,,
27125520,2025/10/16,21,,0.003,0.012,0.015,,,,,,,,,,,,
27125520,2025/10/16,22,,0.003,0.016,0.019,,,,,,,,,,,,
27125520,2025/10/16,23,,0.002,0.007,0.009,,,,,,,,,,,,
27125520,2025/10/16,24,,0.002,0.005,0.007,,,,,,,,,,,,
27125520,2025/10/17,01,,0.003,0.007,0.010,,,,,,,,,,,,
27125520,2025/10/17,02,,0.004,0.007,0.011,,,,,,,,,,,,
27125520,2025/10/17,03,,0.002,0.008,0.010,,,,,,,,,,,,
27125520,2025/10/17,04,,0.002,0.010,0.012,,,,,,,,,,,,
27125520,2025/10/17,05,,0.003,0.012,0.015,,,,,,,,,,,,
27125520,2025/10/17,06,,0.005,0.021,0.026,,,,,,,,,,,,
27125520,2025/10/17,07,,0.014,0.032,0.046,,,,,,,,,,,,
27125520,2025/10/17,08,,0.008,0.026,0.034,,,,,,,,,,,,
27125520,2025/10/17,09,,0.005,0.016,0.021,,,,,,,,,,,,
27125520,2025/10/17,10,,0.004,0.012,0.016,,,,,,,,,,,,
27125520,2025/10/17,11,,0.006,0.014,0.020,,,,,,,,,,,,
27125520,2025/10/17,12,,0.009,0.023,0.032,,,,,,,,,,,,
27125520,2025/10/17,13,,0.006,0.017,0.023,,,,,,,,,,,,
27125520,2025/10/17,14,,0.009,0.020,0.029,,,,,,,,,,,,
27125520,2025/10/17,15,,-,-,-,,,,,,,,,,,,
27125520,2025/10/17,16,,0.006,0.017,0.023,,,,,,,,,,,,
27125520,2025/10/17,17,,0.003,0.014,0.017,,,,,,,,,,,,
27125520,2025/10/17,18,,0.002,0.014,0.016,,,,,,,,,,,,
27125520,2025/10/17,19,,0.006,0.035,0.041,,,,,,,,,,,,
27125520,2025/10/17,20,,0.005,0.032,0.037,,,,,,,,,,,,
27125520,2025/10/17,21,,0.002,0.025,0.027,,,,,,,,,,,,
27125520,2025/10/17,22,,0.002,0.021,0.023,,,,,,,,,,,,
27125520,2025/10/17,23,,0.002,0.007,0.009,,,,,,,,,,,,
27125520,2025/10/17,24,,0.002,0.007,0.009,,,,,,,,,,,,
27125520,2025/10/18,01,,0.002,0.004,0.006,,,,,,,,,,,,
27125520,2025/10/18,02,,0.002,0.007,0.009,,,,,,,,,,,,
27125520,2025/10/18,03,,0.003,0.009,0.012,,,,,,,,,,,,
27125520,2025/10/18,04,,0.003,0.012,0.015,,,,,,,,,,,,
27125520,2025/10/18,05,,0.004,0.012,0.016,,,,,,,,,,,,
27125520,2025/10/18,06,,0.002,0.011,0.013,,,,,,,,,,,,
27125520,2025/10/18,07,,0.008,0.014,0.022,,,,,,,,,,,,
27125520,2025/10/18,08,,0.007,0.011,0.018,,,,,,,,,,,,
27125520,2025/10/18,09,,0.005,0.012,0.017,,,,,,,,,,,,
27125520,2025/10/18,10,,0.011,0.016,0.027,,,,,,,,,,,,
27125520,2025/10/18,11,,0.003,0.007,0.010,,,,,,,,,,,,
27125520,2025/10/18,12,,0.003,0.008,0.011,,,,,,,,,,,,
27125520,2025/10/18,13,,0.003,0.009,0.012,,,,,,,,,,,,
27125520,2025/10/18,14,,0.004,0.010,0.014,,,,,,,,,,,,
27125520,2025/10/18,15,,0.007,0.015,0.022,,,,,,,,,,,,
27125520,2025/10/18,16,,0.002,0.005,0.007,,,,,,,,,,,,
27125520,2025/10/18,17,,0.002,0.006,0.008,,,,,,,,,,,,
27125520,2025/10/18,18,,0.002,0.017,0.019,,,,,,,,,,,,
27125520,2025/10/18,19,,0.002,0.021,0.023,,,,,,,,,,,,
27125520,2025/10/18,20,,0.002,0.012,0.014,,,,,,,,,,,,
27125520,2025/10/18,21,,0.004,0.013,0.017,,,,,,,,,,,,
27125520,2025/10/18,22,,0.002,0.010,0.012,,,,,,,,,,,,
27125520,2025/10/18,23,,0.002,0.008,0.010,,,,,,,,,,,,
27125520,2025/10/18,24,,0.002,0.005,0.007,,,,,,,,,,,,
27125520,2025/10/19,01,,0.002,0.003,0.005,,,,,,,,,,,,
27125520,2025/10/19,02,,0.002,0.003,0.005,,,,,,,,,,,,
27125520,2025/10/19,03,,0.002,0.004,0.006,,,,,,,,,,,,
27125520,2025/10/19,04,,0.002,0.002,0.004,,,,,,,,,,,,
27125520,2025/10/19,05,,0.002,0.002,0.004,,,,,,,,,,,,
27125520,2025/10/19,06,,0.002,0.002,0.004,,,,,,,,,,,,
27125520,2025/10/19,07,,0.002,0.003,0.005,,,,,,,,,,,,
27125520,2025/10/19,08,,0.002,0.003,0.005,,,,,,,,,,,,
27125520,2025/10/19,09,,0.003,0.004,0.007,,,,,,,,,,,,
27125520,2025/10/19,10,,0.003,0.005,0.008,,,,,,,,,,,,
27125520,2025/10/19,11,,0.002,0.004,0.006,,,,,,,,,,,,
27125520,2025/10/19,12,,0.002,0.004,0.006,,,,,,,,,,,,
27125520,2025/10/19,13,,0.003,0.004,0.007,,,,,,,,,,,,
27125520,2025/10/19,14,,0.002,0.004,0.006,,,,,,,,,,,,
27125520,2025/10/19,15,,0.002,0.004,0.006,,,,,,,,,,,,
27125520,2025/10/19,16,,0.002,0.003,0.005,,,,,,,,,,,,
27125520,2025/10/19,17,,0.006,0.010,0.016,,,,,,,,,,,,
27125520,2025/10/19,18,,0.003,0.006,0.009,,,,,,,,,,,,
27125520,2025/10/19,19,,0.004,0.007,0.011,,,,,,,,,,,,
27125520,2025/10/19,20,,0.002,0.005,0.007,,,,,,,,,,,,
27125520,2025/10/19,21,,0.002,0.006,0.008,,,,,,,,,,,,
27125520,2025/10/19,22,,0.002,0.007,0.009,,,,,,,,,,,,
27125520,2025/10/19,23,,0.003,0.009,0.012,,,,,,,,,,,,
27125520,2025/10/19,24,,0.003,0.008,0.011,,,,,,,,,,,,
27125520,2025/10/20,01,,0.002,0.007,0.009,,,,,,,,,,,,
27125520,2025/10/20,02,,0.002,0.010,0.012,,,,,,,,,,,,
27125520,2025/10/20,03,,0.002,0.006,0.008,,,,,,,,,,,,
27125520,2025/10/20,04,,0.004,0.011,0.015,,,,,,,,,,,,
27125520,2025/10/20,05,,0.005,0.015,0.020,,,,,,,,,,,,
27125520,2025/10/20,06,,0.004,0.014,0.018,,,,,,,,,,,,
27125520,2025/10/20,07,,0.003,0.012,0.015,,,,,,,,,,,,
27125520,2025/10/20,08,,0.007,0.015,0.022,,,,,,,,,,,,
27125520,2025/10/20,09,,0.011,0.019,0.030,,,,,,,,,,,,
27125520,2025/10/20,10,,0.011,0.019,0.030,,,,,,,,,,,,
27125520,2025/10/20,11,,0.012,0.019,0.031,,,,,,,,,,,,
27125520,2025/10/20,12,,0.005,0.013,0.018,,,,,,,,,,,,
27125520,2025/10/20,13,,0.006,0.019,0.025,,,,,,,,,,,,
27125520,2025/10/20,14,,0.006,0.017,0.023,,,,,,,,,,,,
27125520,2025/10/20,15,,0.005,0.017,0.022,,,,,,,,,,,,
27125520,2025/10/20,16,,0.006,0.018,0.024,,,,,,,,,,,,
27125520,2025/10/20,17,,0.004,0.012,0.016,,,,,,,,,,,,
27125520,2025/10/20,18,,0.002,0.007,0.009,,,,,,,,,,,,
27125520,2025/10/20,19,,0.002,0.004,0.006,,,,,,,,,,,,
27125520,2025/10/20,20,,0.002,0.004,0.006,,,,,,,,,,,,
27125520,2025/10/20,21,,0.002,0.005,0.007,,,,,,,,,,,,
27125520,2025/10/20,22,,0.002,0.003,0.005,,,,,,,,,,,,
27125520,2025/10/20,23,,0.002,0.003,0.005,,,,,,,,,,,,
27125520,2025/10/20,24,,0.002,0.003,0.005,,,,,,,,,,,,
27125520,2025/10/21,01,,0.002,0.002,0.004,,,,,,,,,,,,
27125520,2025/10/21,02,,0.002,0.003,0.005,,,,,,,,,,,,
27125520,2025/10/21,03,,0.002,0.002,0.004,,,,,,,,,,,,
27125520,2025/10/21,04,,0.002,0.003,0.005,,,,,,,,,,,,
27125520,2025/10/21,05,,0.003,0.003,0.006,,,,,,,,,,,,
27125520,2025/10/21,06,,0.004,0.007,0.011,,,,,,,,,,,,
27125520,2025/10/21,07,,0.006,0.009,0.015,,,,,,,,,,,,
27125520,2025/10/21,08,,0.004,0.007,0.011,,,,,,,,,,,,
27125520,2025/10/21,09,,0.006,0.010,0.016,,,,,,,,,,,,
27125520,2025/10/21,10,,0.004,0.008,0.012,,,,,,,,,,,,
27125520,2025/10/21,11,,0.006,0.011,0.017,,,,,,,,,,,,
27125520,2025/10/21,12,,0.005,0.009,0.014,,,,,,,,,,,,
27125520,2025/10/21,13,,0.003,0.007,0.010,,,,,,,,,,,,
27125520,2025/10/21,14,,0.003,0.006,0.009,,,,,,,,,,,,
27125520,2025/10/21,15,,0.003,0.009,0.012,,,,,,,,,,,,
27125520,2025/10/21,16,,0.003,0.007,0.010,,,,,,,,,,,,
27125520,2025/10/21,17,,0.003,0.008,0.011,,,,,,,,,,,,
27125520,2025/10/21,18,,0.003,0.009,0.012,,,,,,,,,,,,
27125520,2025/10/21,19,,0.002,0.005,0.007,,,,,,,,,,,,
27125520,2025/10/21,20,,0.002,0.006,0.008,,,,,,,,,,,,
27125520,2025/10/21,21,,0.002,0.004,0.006,,,,,,,,,,,,
27125520,2025/10/21,22,,0.003,0.005,0.008,,,,,,,,,,,,
27125520,2025/10/21,23,,0.002,0.004,0.006,,,,,,,,,,,,
27125520,2025/10/21,24,,0.003,0.006,0.009,,,,,,,,,,,,
27125520,2025/10/22,01,,0.002,0.005,0.007,,,,,,,,,,,,
27125520,2025/10/22,02,,0.003,0.008,0.011,,,,,,,,,,,,
27125520,2025/10/22,03,,0.003,0.008,0.011,,,,,,,,,,,,
27125520,2025/10/22,04,,0.002,0.006,0.008,,,,,,,,,,,,
27125520,2025/10/22,05,,0.003,0.008,0.011,,,,,,,,,,,,
27125520,2025/10/22,06,,0.005,0.012,0.017,,,,,,,,,,,,
27125520,2025/10/22,07,,0.012,0.018,0.030,,,,,,,,,,,,
27125520,2025/10/22,08,,0.020,0.016,0.036,,,,,,,,,,,,
27125520,2025/10/22,09,,0.009,0.015,0.024,,,,,,,,,,,,
27125520,2025/10/22,10,,0.007,0.012,0.019,,,,,,,,,,,,
27125520,2025/10/22,11,,0.010,0.013,0.023,,,,,,,,,,,,
27125520,2025/10/22,12,,0.007,0.013,0.020,,,,,,,,,,,,
27125520,2025/10/22,13,,0.007,0.013,0.020,,,,,,,,,,,,
27125520,2025/10/22,14,,0.009,0.016,0.025,,,,,,,,,,,,
27125520,2025/10/22,15,,0.005,0.013,0.018,,,,,,,,,,,,
27125520,2025/10/22,16,,0.004,0.013,0.017,,,,,,,,,,,,
27125520,2025/10/22,17,,0.004,0.012,0.016,,,,,,,,,,,,
27125520,2025/10/22,18,,0.009,0.017,0.026,,,,,,,,,,,,
27125520,2025/10/22,19,,0.007,0.017,0.024,,,,,,,,,,,,
27125520,2025/10/22,20,,0.004,0.017,0.021,,,,,,,,,,,,
27125520,2025/10/22,21,,0.007,0.020,0.027,,,,,,,,,,,,
27125520,2025/10/22,22,,0.006,0.014,0.020,,,,,,,,,,,,
27125520,2025/10/22,23,,0.004,0.013,0.017,,,,,,,,,,,,
27125520,2025/10/22,24,,0.006,0.017,0.023,,,,,,,,,,,,
27125520,2025/10/23,01,,0.006,0.015,0.021,,,,,,,,,,,,
27125520,2025/10/23,02,,0.004,0.011,0.015,,,,,,,,,,,,
27125520,2025/10/23,03,,0.004,0.008,0.012,,,,,,,,,,,,
27125520,2025/10/23,04,,0.004,0.009,0.013,,,,,,,,,,,,
27125520,2025/10/23,05,,0.024,0.016,0.040,,,,,,,,,,,,
27125520,2025/10/23,06,,0.035,0.018,0.053,,,,,,,,,,,,
27125520,2025/10/23,07,,0.010,0.018,0.028,,,,,,,,,,,,
27125520,2025/10/23,08,,0.022,0.021,0.043,,,,,,,,,,,,
27125520,2025/10/23,09,,0.032,0.023,0.055,,,,,,,,,,,,
27125520,2025/10/23,10,,0.011,0.017,0.028,,,,,,,,,,,,
27125520,2025/10/23,11,,0.008,0.014,0.022,,,,,,,,,,,,
27125520,2025/10/23,12,,0.011,0.023,0.034,,,,,,,,,,,,
27125520,2025/10/23,13,,0.005,0.014,0.019,,,,,,,,,,,,
27125520,2025/10/23,14,,0.007,0.019,0.026,,,,,,,,,,,,
27125520,2025/10/23,15,,0.005,0.018,0.023,,,,,,,,,,,,
27125520,2025/10/23,16,,0.003,0.012,0.015,,,,,,,,,,,,
27125520,2025/10/23,17,,0.003,0.012,0.015,,,,,,,,,,,,
27125520,2025/10/23,18,,0.002,0.006,0.008,,,,,,,,,,,,
27125520,2025/10/23,19,,0.002,0.007,0.009,,,,,,,,,,,,
27125520,2025/10/23,20,,0.002,0.005,0.007,,,,,,,,,,,,
27125520,2025/10/23,21,,0.002,0.006,0.008,,,,,,,,,,,,
27125520,2025/10/23,22,,0.003,0.010,0.013,,,,,,,,,,,,
27125520,2025/10/23,23,,0.002,0.007,0.009,,,,,,,,,,,,
27125520,2025/10/23,24,,0.002,0.007,0.009,,,,,,,,,,,,
27125520,2025/10/24,01,,0.002,0.010,0.012,,,,,,,,,,,,
27125520,2025/10/24,02,,0.003,0.013,0.016,,,,,,,,,,,,
27125520,2025/10/24,03,,0.002,0.009,0.011,,,,,,,,,,,,
27125520,2025/10/24,04,,0.003,0.012,0.015,,,,,,,,,,,,
27125520,2025/10/24,05,,0.010,0.017,0.027,,,,,,,,,,,,
27125520,2025/10/24,06,,0.015,0.018,0.033,,,,,,,,,,,,
27125520,2025/10/24,07,,0.011,0.017,0.028,,,,,,,,,,,,
27125520,2025/10/24,08,,0.012,0.016,0.028,,,,,,,,,,,,
27125520,2025/10/24,09,,0.003,0.010,0.013,,,,,,,,,,,,
27125520,2025/10/24,10,,0.006,0.013,0.019,,,,,,,,,,,,
27125520,2025/10/24,11,,0.006,0.013,0.019,,,,,,,,,,,,
27125520,2025/10/24,12,,0.004,0.011,0.015,,,,,,,,,,,,
27125520,2025/10/24,13,,0.005,0.012,0.017,,,,,,,,,,,,
27125520,2025/10/24,14,,0.004,0.011,0.015,,,,,,,,,,,,
27125520,2025/10/24,15,,0.005,0.012,0.017,,,,,,,,,,,,
27125520,2025/10/24,16,,0.004,0.010,0.014,,,,,,,,,,,,
27125520,2025/10/24,17,,0.002,0.007,0.009,,,,,,,,,,,,
27125520,2025/10/24,18,,0.002,0.007,0.009,,,,,,,,,,,,
27125520,2025/10/24,19,,0.002,0.007,0.009,,,,,,,,,,,,
27125520,2025/10/24,20,,0.002,0.006,0.008,,,,,,,,,,,,
27125520,2025/10/24,21,,0.002,0.006,0.008,,,,,,,,,,,,
27125520,2025/10/24,22,,0.002,0.006,0.008,,,,,,,,,,,,
27125520,2025/10/24,23,,0.002,0.008,0.010,,,,,,,,,,,,
27125520,2025/10/24,24,,0.002,0.006,0.008,,,,,,,,,,,,
27125520,2025/10/25,01,,0.002,0.006,0.008,,,,,,,,,,,,
27125520,2025/10/25,02,,0.002,0.007,0.009,,,,,,,,,,,,
27125520,2025/10/25,03,,0.002,0.006,0.008,,,,,,,,,,,,
27125520,2025/10/25,04,,0.002,0.006,0.008,,,,,,,,,,,,
27125520,2025/10/25,05,,0.002,0.006,0.008,,,,,,,,,,,,
27125520,2025/10/25,06,,0.003,0.007,0.010,,,,,,,,,,,,
27125520,2025/10/25,07,,0.003,0.007,0.010,,,,,,,,,,,,
27125520,2025/10/25,08,,0.004,0.010,0.014,,,,,,,,,,,,
27125520,2025/10/25,09,,0.004,0.009,0.013,,,,,,,,,,,,
27125520,2025/10/25,10,,0.004,0.009,0.013,,,,,,,,,,,,
27125520,2025/10/25,11,,0.007,0.011,0.018,,,,,,,,,,,,
27125520,2025/10/25,12,,0.007,0.012,0.019,,,,,,,,,,,,
27125520,2025/10/25,13,,0.004,0.009,0.013,,,,,,,,,,,,
27125520,2025/10/25,14,,0.006,0.013,0.019,,,,,,,,,,,,
27125520,2025/10/25,15,,0.008,0.013,0.021,,,,,,,,,,,,
27125520,2025/10/25,16,,0.003,0.008,0.011,,,,,,,,,,,,
27125520,2025/10/25,17,,0.002,0.005,0.007,,,,,,,,,,,,
27125520,2025/10/25,18,,0.002,0.006,0.008,,,,,,,,,,,,
27125520,2025/10/25,19,,0.002,0.007,0.009,,,,,,,,,,,,
27125520,2025/10/25,20,,0.003,0.009,0.012,,,,,,,,,,,,
27125520,2025/10/25,21,,0.002,0.007,0.009,,,,,,,,,,,,
27125520,2025/10/25,22,,0.002,0.007,0.009,,,,,,,,,,,,
27125520,2025/10/25,23,,0.002,0.008,0.010,,,,,,,,,,,,
27125520,2025/10/25,24,,0.002,0.005,0.007,,,,,,,,,,,,
27125520,2025/10/26,01,,0.002,0.005,0.007,,,,,,,,,,,,
27125520,2025/10/26,02,,0.002,0.005,0.007,,,,,,,,,,,,
27125520,2025/10/26,03,,0.002,0.006,0.008,,,,,,,,,,,,
27125520,2025/10/26,04,,0.002,0.005,0.007,,,,,,,,,,,,
27125520,2025/10/26,05,,0.002,0.004,0.006,,,,,,,,,,,,
27125520,2025/10/26,06,,0.005,0.007,0.012,,,,,,,,,,,,
27125520,2025/10/26,07,,0.013,0.012,0.025,,,,,,,,,,,,
27125520,2025/10/26,08,,0.008,0.011,0.019,,,,,,,,,,,,
27125520,2025/10/26,09,,0.005,0.008,0.013,,,,,,,,,,,,
27125520,2025/10/26,10,,0.005,0.007,0.012,,,,,,,,,,,,
27125520,2025/10/26,11,,0.003,0.006,0.009,,,,,,,,,,,,
27125520,2025/10/26,12,,0.004,0.012,0.016,,,,,,,,,,,,
27125520,2025/10/26,13,,0.005,0.012,0.017,,,,,,,,,,,,
27125520,2025/10/26,14,,0.005,0.014,0.019,,,,,,,,,,,,
27125520,2025/10/26,15,,0.003,0.011,0.014,,,,,,,,,,,,
27125520,2025/10/26,16,,0.004,0.016,0.020,,,,,,,,,,,,
27125520,2025/10/26,17,,0.003,0.012,0.015,,,,,,,,,,,,
27125520,2025/10/26,18,,0.003,0.013,0.016,,,,,,,,,,,,
27125520,2025/10/26,19,,0.003,0.017,0.020,,,,,,,,,,,,
27125520,2025/10/26,20,,0.002,0.013,0.015,,,,,,,,,,,,
27125520,2025/10/26,21,,0.003,0.018,0.021,,,,,,,,,,,,
27125520,2025/10/26,22,,0.003,0.016,0.019,,,,,,,,,,,,
27125520,2025/10/26,23,,0.003,0.009,0.012,,,,,,,,,,,,
27125520,2025/10/26,24,,0.002,0.004,0.006,,,,,,,,,,,,
27125520,2025/10/27,01,,0.002,0.003,0.005,,,,,,,,,,,,
27125520,2025/10/27,02,,0.002,0.003,0.005,,,,,,,,,,,,
27125520,2025/10/27,03,,0.002,0.004,0.006,,,,,,,,,,,,
27125520,2025/10/27,04,,0.002,0.005,0.007,,,,,,,,,,,,
27125520,2025/10/27,05,,0.003,0.011,0.014,,,,,,,,,,,,
27125520,2025/10/27,06,,0.007,0.024,0.031,,,,,,,,,,,,
27125520,2025/10/27,07,,0.007,0.030,0.037,,,,,,,,,,,,
27125520,2025/10/27,08,,0.005,0.019,0.024,,,,,,,,,,,,
27125520,2025/10/27,09,,0.019,0.033,0.052,,,,,,,,,,,,
27125520,2025/10/27,10,,0.014,0.029,0.043,,,,,,,,,,,,
27125520,2025/10/27,11,,0.011,0.027,0.038,,,,,,,,,,,,
27125520,2025/10/27,12,,0.007,0.025,0.032,,,,,,,,,,,,
27125520,2025/10/27,13,,0.005,0.021,0.026,,,,,,,,,,,,
27125520,2025/10/27,14,,0.005,0.020,0.025,,,,,,,,,,,,
27125520,2025/10/27,15,,0.005,0.023,0.028,,,,,,,,,,,,
27125520,2025/10/27,16,,0.007,0.026,0.033,,,,,,,,,,,,
27125520,2025/10/27,17,,0.007,0.029,0.036,,,,,,,,,,,,
27125520,2025/10/27,18,,0.007,0.027,0.034,,,,,,,,,,,,
27125520,2025/10/27,19,,0.004,0.022,0.026,,,,,,,,,,,,
27125520,2025/10/27,20,,0.004,0.024,0.028,,,,,,,,,,,,
27125520,2025/10/27,21,,0.002,0.011,0.013,,,,,,,,,,,,
27125520,2025/10/27,22,,0.002,0.011,0.013,,,,,,,,,,,,
27125520,2025/10/27,23,,0.002,0.009,0.011,,,,,,,,,,,,
27125520,2025/10/27,24,,0.002,0.009,0.011,,,,,,,,,,,,
27125520,2025/10/28,01,,0.002,0.011,0.013,,,,,,,,,,,,
27125520,2025/10/28,02,,0.002,0.011,0.013,,,,,,,,,,,,
27125520,2025/10/28,03,,0.002,0.010,0.012,,,,,,,,,,,,
27125520,2025/10/28,04,,0.002,0.008,0.010,,,,,,,,,,,,
27125520,2025/10/28,05,,0.003,0.014,0.017,,,,,,,,,,,,
27125520,2025/10/28,06,,0.005,0.025,0.030,,,,,,,,,,,,
27125520,2025/10/28,07,,0.007,0.029,0.036,,,,,,,,,,,,
27125520,2025/10/28,08,,0.026,0.038,0.064,,,,,,,,,,,,
27125520,2025/10/28,09,,0.016,0.029,0.045,,,,,,,,,,,,
27125520,2025/10/28,10,,0.014,0.031,0.045,,,,,,,,,,,,
27125520,2025/10/28,11,,0.017,0.028,0.045,,,,,,,,,,,,
27125520,2025/10/28,12,,0.008,0.019,0.027,,,,,,,,,,,,
27125520,2025/10/28,13,,-,-,-,,,,,,,,,,,,
27125520,2025/10/28,14,,0.005,0.015,0.020,,,,,,,,,,,,
27125520,2025/10/28,15,,0.008,0.023,0.031,,,,,,,,,,,,
27125520,2025/10/28,16,,0.005,0.015,0.020,,,,,,,,,,,,
27125520,2025/10/28,17,,0.004,0.014,0.018,,,,,,,,,,,,
27125520,2025/10/28,18,,0.002,0.009,0.011,,,,,,,,,,,,
27125520,2025/10/28,19,,0.002,0.010,0.012,,,,,,,,,,,,
27125520,2025/10/28,20,,0.002,0.008,0.010,,,,,,,,,,,,
27125520,2025/10/28,21,,0.002,0.008,0.010,,,,,,,,,,,,
27125520,2025/10/28,22,,0.002,0.006,0.008,,,,,,,,,,,,
27125520,2025/10/28,23,,0.002,0.006,0.008,,,,,,,,,,,,
27125520,2025/10/28,24,,0.002,0.007,0.009,,,,,,,,,,,,
27125520,2025/10/29,01,,0.002,0.009,0.011,,,,,,,,,,,,
27125520,2025/10/29,02,,0.002,0.011,0.013,,,,,,,,,,,,
27125520,2025/10/29,03,,0.002,0.010,0.012,,,,,,,,,,,,
27125520,2025/10/29,04,,0.004,0.014,0.018,,,,,,,,,,,,
27125520,2025/10/29,05,,0.002,0.010,0.012,,,,,,,,,,,,
27125520,2025/10/29,06,,0.002,0.010,0.012,,,,,,,,,,,,
27125520,2025/10/29,07,,0.008,0.018,0.026,,,,,,,,,,,,
27125520,2025/10/29,08,,0.024,0.023,0.047,,,,,,,,,,,,
27125520,2025/10/29,09,,0.037,0.027,0.064,,,,,,,,,,,,
27125520,2025/10/29,10,,0.029,0.028,0.057,,,,,,,,,,,,
27125520,2025/10/29,11,,0.019,0.027,0.046,,,,,,,,,,,,
27125520,2025/10/29,12,,0.012,0.022,0.034,,,,,,,,,,,,
27125520,2025/10/29,13,,0.006,0.017,0.023,,,,,,,,,,,,
27125520,2025/10/29,14,,0.008,0.020,0.028,,,,,,,,,,,,
27125520,2025/10/29,15,,0.008,0.016,0.024,,,,,,,,,,,,
27125520,2025/10/29,16,,0.006,0.012,0.018,,,,,,,,,,,,
27125520,2025/10/29,17,,0.002,0.008,0.010,,,,,,,,,,,,
27125520,2025/10/29,18,,0.002,0.012,0.014,,,,,,,,,,,,
27125520,2025/10/29,19,,0.002,0.009,0.011,,,,,,,,,,,,
27125520,2025/10/29,20,,0.002,0.009,0.011,,,,,,,,,,,,
27125520,2025/10/29,21,,0.002,0.011,0.013,,,,,,,,,,,,
27125520,2025/10/29,22,,0.002,0.009,0.011,,,,,,,,,,,,
27125520,2025/10/29,23,,0.002,0.010,0.012,,,,,,,,,,,,
27125520,2025/10/29,24,,0.002,0.010,0.012,,,,,,,,,,,,
27125520,2025/10/30,01,,0.002,0.009,0.011,,,,,,,,,,,,
27125520,2025/10/30,02,,0.002,0.012,0.014,,,,,,,,,,,,
27125520,2025/10/30,03,,0.003,0.015,0.018,,,,,,,,,,,,
27125520,2025/10/30,04,,0.002,0.010,0.012,,,,,,,,,,,,
27125520,2025/10/30,05,,0.002,0.009,0.011,,,,,,,,,,,,
27125520,2025/10/30,06,,0.004,0.013,0.017,,,,,,,,,,,,
27125520,2025/10/30,07,,0.013,0.020,0.033,,,,,,,,,,,,
27125520,2025/10/30,08,,0.027,0.026,0.053,,,,,,,,,,,,
27125520,2025/10/30,09,,0.030,0.026,0.056,,,,,,,,,,,,
27125520,2025/10/30,10,,0.025,0.027,0.052,,,,,,,,,,,,
27125520,2025/10/30,11,,0.016,0.026,0.042,,,,,,,,,,,,
27125520,2025/10/30,12,,0.023,0.038,0.061,,,,,,,,,,,,
27125520,2025/10/30,13,,0.010,0.034,0.044,,,,,,,,,,,,
27125520,2025/10/30,14,,0.013,0.044,0.057,,,,,,,,,,,,
27125520,2025/10/30,15,,0.026,0.054,0.080,,,,,,,,,,,,
27125520,2025/10/30,16,,0.019,0.050,0.069,,,,,,,,,,,,
27125520,2025/10/30,17,,0.015,0.051,0.066,,,,,,,,,,,,
27125520,2025/10/30,18,,0.013,0.053,0.066,,,,,,,,,,,,
27125520,2025/10/30,19,,0.003,0.024,0.027,,,,,,,,,,,,
27125520,2025/10/30,20,,0.006,0.017,0.023,,,,,,,,,,,,
27125520,2025/10/30,21,,0.003,0.011,0.014,,,,,,,,,,,,
27125520,2025/10/30,22,,0.004,0.011,0.015,,,,,,,,,,,,
27125520,2025/10/30,23,,0.002,0.011,0.013,,,,,,,,,,,,
27125520,2025/10/30,24,,0.002,0.011,0.013,,,,,,,,,,,,
27125520,2025/10/31,01,,0.002,0.011,0.013,,,,,,,,,,,,
27125520,2025/10/31,02,,0.002,0.008,0.010,,,,,,,,,,,,
27125520,2025/10/31,03,,0.002,0.006,0.008,,,,,,,,,,,,
27125520,2025/10/31,04,,0.002,0.007,0.009,,,,,,,,,,,,
27125520,2025/10/31,05,,0.002,0.010,0.012,,,,,,,,,,,,
27125520,2025/10/31,06,,0.010,0.020,0.030,,,,,,,,,,,,
27125520,2025/10/31,07,,0.005,0.025,0.030,,,,,,,,,,,,
27125520,2025/10/31,08,,0.012,0.025,0.037,,,,,,,,,,,,
27125520,2025/10/31,09,,0.021,0.032,0.053,,,,,,,,,,,,
27125520,2025/10/31,10,,0.010,0.025,0.035,,,,,,,,,,,,
27125520,2025/10/31,11,,0.006,0.021,0.027,,,,,,,,,,,,
27125520,2025/10/31,12,,0.003,0.018,0.021,,,,,,,,,,,,
27125520,2025/10/31,13,,0.002,0.012,0.014,,,,,,,,,,,,
27125520,2025/10/31,14,,0.002,0.012,0.014,,,,,,,,,,,,
27125520,2025/10/31,15,,0.002,0.011,0.013,,,,,,,,,,,,
27125520,2025/10/31,16,,0.004,0.011,0.015,,,,,,,,,,,,
27125520,2025/10/31,17,,0.014,0.021,0.035,,,,,,,,,,,,
27125520,2025/10/31,18,,0.019,0.030,0.049,,,,,,,,,,,,
27125520,2025/10/31,19,,0.005,0.019,0.024,,,,,,,,,,,,
27125520,2025/10/31,20,,0.005,0.019,0.024,,,,,,,,,,,,
27125520,2025/10/31,21,,0.003,0.014,0.017,,,,,,,,,,,,
27125520,2025/10/31,22,,0.003,0.019,0.022,,,,,,,,,,,,
27125520,2025/10/31,23,,0.002,0.015,0.017,,,,,,,,,,,,
27125520,2025/10/31,24,,0.002,0.015,0.017,,,,,,,,,,,,
