測定局コード,日付,時,SO2(ppm),NO(ppm),NO2(ppm),NOx(ppm),CO(ppm),Ox(ppm),NMHC(ppmC),CH4(ppmC),THC(ppmC),SPM(mg/m3),PM2.5(μg/m3),SP(mg/m3),WD(16Dir),WS(m/s),TEMP(℃),HUM(％)
27201100,2025/01/01,01,,0,0.003,0.003,,0.038,,,,0.009,,,WNW,1.3,,
27201100,2025/01/01,02,,0,0.003,0.003,,0.037,,,,0.010,,,WNW,2.0,,
27201100,2025/01/01,03,,0,0.003,0.003,,0.036,,,,0.010,,,W,2.6,,
27201100,2025/01/01,04,,0,0.004,0.004,,0.037,,,,0.010,,,W,1.9,,
27201100,2025/01/01,05,,0,0.005,0.005,,0.032,,,,0.011,,,SSW,1.6,,
27201100,2025/01/01,06,,0,0.004,0.004,,0.032,,,,0.012,,,SSW,1.7,,
27201100,2025/01/01,07,,0,0.004,0.004,,0.031,,,,0.010,,,SW,1.5,,
27201100,2025/01/01,08,,0,0.006,0.006,,0.028,,,,0.007,,,SSW,2.2,,
27201100,2025/01/01,09,,0.001,0.006,0.007,,0.030,,,,0.011,,,WSW,2.2,,
27201100,2025/01/01,10,,0.001,0.007,0.008,,0.031,,,,0.010,,,W,3.8,,
27201100,2025/01/01,11,,0.001,0.007,0.008,,0.033,,,,0.008,,,W,4.9,,
27201100,2025/01/01,12,,0.001,0.004,0.005,,0.039,,,,0.007,,,W,3.8,,
27201100,2025/01/01,13,,0.001,0.003,0.004,,0.042,,,,0.006,,,WSW,5.3,,
27201100,2025/01/01,14,,0,0.003,0.003,,0.042,,,,0.006,,,WSW,5.3,,
27201100,2025/01/01,15,,0,0.003,0.003,,0.043,,,,0.006,,,W,5.6,,
27201100,2025/01/01,16,,0,0.003,0.003,,0.045,,,,0.006,,,W,3.6,,
27201100,2025/01/01,17,,0,0.003,0.003,,0.047,,,,0.009,,,W,3.0,,
27201100,2025/01/01,18,,0,0.006,0.006,,0.043,,,,0.010,,,SW,2.1,,
27201100,2025/01/01,19,,0,0.007,0.007,,0.039,,,,0.009,,,SSW,2.3,,
27201100,2025/01/01,20,,0,0.007,0.007,,0.039,,,,0.009,,,S,2.5,,
27201100,2025/01/01,21,,0,0.008,0.008,,0.037,,,,0.010,,,SSE,2.2,,
27201100,2025/01/01,22,,0,0.009,0.009,,0.034,,,,0.011,,,SSW,2.4,,
27201100,2025/01/01,23,,0,0.008,0.008,,0.034,,,,0.011,,,ENE,0.7,,
27201100,2025/01/01,24,,0.001,0.013,0.014,,0.022,,,,0.011,,,ESE,0.8,,
27201100,2025/01/02,01,,0,0.011,0.011,,0.025,,,,0.009,,,SSW,1.9,,
27201100,2025/01/02,02,,0,0.007,0.007,,0.030,,,,0.008,,,SSW,0.8,,
27201100,2025/01/02,03,,0,0.006,0.006,,0.030,,,,0.008,,,SSW,2.6,,
27201100,2025/01/02,04,,0,0.007,0.007,,0.030,,,,0.009,,,SW,2.3,,
27201100,2025/01/02,05,,0,0.007,0.007,,0.028,,,,0.009,,,SW,2.3,,
27201100,2025/01/02,06,,0,0.007,0.007,,0.027,,,,0.009,,,SSW,1.8,,
27201100,2025/01/02,07,,0,0.008,0.008,,0.026,,,,0.010,,,SSW,3.1,,
27201100,2025/01/02,08,,0.001,0.010,0.011,,0.026,,,,0.010,,,SW,1.9,,
27201100,2025/01/02,09,,0.002,0.012,0.014,,0.027,,,,0.009,,,WSW,2.8,,
27201100,2025/01/02,10,,0.002,0.011,0.013,,0.031,,,,0.010,,,WSW,3.1,,
27201100,2025/01/02,11,,0.001,0.009,0.010,,0.036,,,,0.011,,,W,3.8,,
27201100,2025/01/02,12,,0.001,0.008,0.009,,0.039,,,,0.011,,,W,4.6,,
27201100,2025/01/02,13,,0.001,0.006,0.007,,0.042,,,,0.012,,,W,4.2,,
27201100,2025/01/02,14,,0.001,0.005,0.006,,0.044,,,,0.011,,,WSW,4.1,,
27201100,2025/01/02,15,,0.001,0.004,0.005,,0.047,,,,0.011,,,WSW,3.6,,
27201100,2025/01/02,16,,0,0.004,0.004,,0.048,,,,0.011,,,W,4.5,,
27201100,2025/01/02,17,,0,0.004,0.004,,0.047,,,,0.016,,,SW,2.9,,
27201100,2025/01/02,18,,0,0.006,0.006,,0.045,,,,0.015,,,SSW,2.0,,
27201100,2025/01/02,19,,0,0.008,0.008,,0.040,,,,0.014,,,SSW,2.3,,
27201100,2025/01/02,20,,0,0.009,0.009,,0.038,,,,0.013,,,SSW,2.3,,
27201100,2025/01/02,21,,0,0.009,0.009,,0.038,,,,0.015,,,WSW,2.3,,
27201100,2025/01/02,22,,0,0.011,0.011,,0.033,,,,0.016,,,SW,1.5,,
27201100,2025/01/02,23,,0,0.011,0.011,,0.032,,,,0.015,,,S,2.3,,
27201100,2025/01/02,24,,0,0.009,0.009,,0.034,,,,0.016,,,SW,2.3,,
27201100,2025/01/03,01,,0,0.008,0.008,,0.037,,,,0.012,,,WNW,2.3,,
27201100,2025/01/03,02,,0,0.006,0.006,,0.036,,,,0.012,,,SSW,1.8,,
27201100,2025/01/03,03,,0,0.007,0.007,,0.035,,,,0.012,,,WNW,2.1,,
27201100,2025/01/03,04,,0,0.006,0.006,,0.033,,,,0.010,,,SSE,2.2,,
27201100,2025/01/03,05,,0,0.006,0.006,,0.031,,,,0.009,,,S,1.7,,
27201100,2025/01/03,06,,0,0.006,0.006,,0.031,,,,0.010,,,SSW,1.9,,
27201100,2025/01/03,07,,0,0.005,0.005,,0.033,,,,0.010,,,SSW,1.9,,
27201100,2025/01/03,08,,0.001,0.009,0.010,,0.027,,,,0.008,,,SSE,2.0,,
27201100,2025/01/03,09,,0.002,0.012,0.014,,0.024,,,,0.011,,,SSW,1.6,,
27201100,2025/01/03,10,,0.001,0.008,0.009,,0.031,,,,0.010,,,WSW,4.1,,
27201100,2025/01/03,11,,0.001,0.009,0.010,,0.035,,,,0.008,,,W,5.1,,
27201100,2025/01/03,12,,0.001,0.005,0.006,,0.041,,,,0.008,,,W,5.2,,
27201100,2025/01/03,13,,0.001,0.005,0.006,,0.041,,,,0.008,,,W,6.4,,
27201100,2025/01/03,14,,0,0.005,0.005,,0.044,,,,0.012,,,W,6.4,,
27201100,2025/01/03,15,,0,0.004,0.004,,0.044,,,,0.012,,,W,6.9,,
27201100,2025/01/03,16,,0,0.003,0.003,,0.043,,,,0.011,,,W,6.0,,
27201100,2025/01/03,17,,0,0.005,0.005,,0.042,,,,0.011,,,W,6.8,,
27201100,2025/01/03,18,,0,0.005,0.005,,0.042,,,,0.008,,,WNW,6.2,,
27201100,2025/01/03,19,,0,0.004,0.004,,0.042,,,,0.008,,,WNW,6.7,,
27201100,2025/01/03,20,,0,0.004,0.004,,0.041,,,,0.007,,,NW,4.9,,
27201100,2025/01/03,21,,0,0.004,0.004,,0.041,,,,0.007,,,NW,4.1,,
27201100,2025/01/03,22,,0,0.004,0.004,,0.041,,,,0.007,,,WNW,6.3,,
27201100,2025/01/03,23,,0,0.003,0.003,,0.042,,,,0.005,,,NW,6.2,,
27201100,2025/01/03,24,,0,0.005,0.005,,0.040,,,,0.007,,,WNW,4.7,,
27201100,2025/01/04,01,,0,0.005,0.005,,0.039,,,,0.007,,,NW,5.2,,
27201100,2025/01/04,02,,0,0.005,0.005,,0.039,,,,0.004,,,W,3.5,,
27201100,2025/01/04,03,,0,0.005,0.005,,0.037,,,,0.005,,,W,3.5,,
27201100,2025/01/04,04,,0,0.004,0.004,,0.038,,,,0.009,,,W,3.9,,
27201100,2025/01/04,05,,0,0.004,0.004,,0.039,,,,0.008,,,WNW,4.4,,
27201100,2025/01/04,06,,0,0.007,0.007,,0.036,,,,0.007,,,WNW,4.5,,
27201100,2025/01/04,07,,0,0.004,0.004,,0.039,,,,0.009,,,W,3.6,,
27201100,2025/01/04,08,,0,0.010,0.010,,0.033,,,,0.009,,,W,4.4,,
27201100,2025/01/04,09,,0.001,0.013,0.014,,0.030,,,,0.008,,,WNW,4.5,,
27201100,2025/01/04,10,,0.002,0.011,0.013,,0.033,,,,0.006,,,WNW,3.4,,
27201100,2025/01/04,11,,0.002,0.011,0.013,,0.033,,,,0.009,,,WNW,4.4,,
27201100,2025/01/04,12,,0.001,0.007,0.008,,0.038,,,,0.006,,,W,2.7,,
27201100,2025/01/04,13,,0.001,0.005,0.006,,0.041,,,,0.007,,,WSW,3.2,,
27201100,2025/01/04,14,,0.001,0.006,0.007,,0.040,,,,0.009,,,W,3.0,,
27201100,2025/01/04,15,,0.001,0.005,0.006,,0.041,,,,0.009,,,W,5.2,,
27201100,2025/01/04,16,,0,0.004,0.004,,0.043,,,,0.008,,,W,4.1,,
27201100,2025/01/04,17,,0,0.005,0.005,,0.041,,,,0.009,,,W,4.5,,
27201100,2025/01/04,18,,0,0.005,0.005,,0.040,,,,0.006,,,W,4.6,,
27201100,2025/01/04,19,,0,0.005,0.005,,0.040,,,,0.008,,,W,3.5,,
27201100,2025/01/04,20,,0,0.005,0.005,,0.039,,,,0.007,,,WSW,2.9,,
27201100,2025/01/04,21,,0,0.005,0.005,,0.038,,,,0.008,,,W,4.3,,
27201100,2025/01/04,22,,0,0.006,0.006,,0.037,,,,0.008,,,NW,4.2,,
27201100,2025/01/04,23,,0,0.006,0.006,,0.038,,,,0.007,,,WNW,2.5,,
27201100,2025/01/04,24,,-,-,-,,0.038,,,,0.008,,,W,1.1,,
27201100,2025/01/05,01,,0,0.006,0.006,,0.034,,,,0.006,,,SW,0.9,,
27201100,2025/01/05,02,,0,0.008,0.008,,0.032,,,,0.009,,,SSW,1.6,,
27201100,2025/01/05,03,,0,0.007,0.007,,0.030,,,,0.009,,,SSW,2.2,,
27201100,2025/01/05,04,,0,0.006,0.006,,0.032,,,,0.008,,,SSE,2.3,,
27201100,2025/01/05,05,,0,0.006,0.006,,0.030,,,,0.010,,,S,2.1,,
27201100,2025/01/05,06,,0,0.006,0.006,,0.029,,,,0.009,,,S,2.6,,
27201100,2025/01/05,07,,0,0.006,0.006,,0.030,,,,0.008,,,S,2.7,,
27201100,2025/01/05,08,,0.001,0.007,0.008,,0.028,,,,0.008,,,S,2.3,,
27201100,2025/01/05,09,,0.001,0.006,0.007,,0.034,,,,0.007,,,S,2.1,,
27201100,2025/01/05,10,,0.001,0.005,0.006,,0.039,,,,0.006,,,SSW,2.9,,
27201100,2025/01/05,11,,0.001,0.004,0.005,,0.043,,,,0.006,,,W,4.0,,
27201100,2025/01/05,12,,0.001,0.005,0.006,,0.044,,,,0.008,,,WSW,2.4,,
27201100,2025/01/05,13,,0.001,0.007,0.008,,0.041,,,,0.008,,,NW,3.5,,
27201100,2025/01/05,14,,0.001,0.007,0.008,,0.042,,,,0.006,,,WSW,2.5,,
27201100,2025/01/05,15,,0,0.006,0.006,,0.044,,,,0.008,,,NW,2.0,,
27201100,2025/01/05,16,,0,0.009,0.009,,0.044,,,,0.010,,,NW,1.9,,
27201100,2025/01/05,17,,0,0.011,0.011,,0.041,,,,0.010,,,NNW,1.0,,
27201100,2025/01/05,18,,0,0.013,0.013,,0.037,,,,0.009,,,WSW,1.1,,
27201100,2025/01/05,19,,0.001,0.015,0.016,,0.033,,,,0.010,,,SSE,1.2,,
27201100,2025/01/05,20,,0.001,0.020,0.021,,0.025,,,,0.014,,,SE,1.2,,
27201100,2025/01/05,21,,0.001,0.023,0.024,,0.016,,,,0.016,,,ESE,1.8,,
27201100,2025/01/05,22,,0.001,0.021,0.022,,0.018,,,,0.015,,,SSE,1.0,,
27201100,2025/01/05,23,,0.001,0.020,0.021,,0.014,,,,0.011,,,ENE,1.5,,
27201100,2025/01/05,24,,0.001,0.015,0.016,,0.019,,,,0.012,,,ENE,2.7,,
27201100,2025/01/06,01,,0,0.009,0.009,,0.022,,,,0.013,,,ENE,2.2,,
27201100,2025/01/06,02,,0,0.007,0.007,,0.023,,,,0.011,,,E,2.9,,
27201100,2025/01/06,03,,0,0.007,0.007,,0.021,,,,0.010,,,E,2.1,,
27201100,2025/01/06,04,,0,0.008,0.008,,0.022,,,,0.013,,,ENE,3.3,,
27201100,2025/01/06,05,,0,0.007,0.007,,0.026,,,,0.013,,,E,2.5,,
27201100,2025/01/06,06,,0,0.009,0.009,,0.023,,,,0.012,,,E,2.8,,
27201100,2025/01/06,07,,0,0.012,0.012,,0.020,,,,0.012,,,ENE,3.1,,
27201100,2025/01/06,08,,0,0.013,0.013,,0.019,,,,0.011,,,ENE,3.6,,
27201100,2025/01/06,09,,0.001,0.015,0.016,,0.017,,,,0.010,,,E,3.7,,
27201100,2025/01/06,10,,0.002,0.019,0.021,,0.015,,,,0.011,,,ENE,2.9,,
27201100,2025/01/06,11,,0.002,0.019,0.021,,0.016,,,,0.012,,,E,4.6,,
27201100,2025/01/06,12,,0.001,0.013,0.014,,0.022,,,,0.010,,,E,3.6,,
27201100,2025/01/06,13,,0.002,0.014,0.016,,0.021,,,,0.009,,,NE,1.8,,
27201100,2025/01/06,14,,0.002,0.017,0.019,,0.019,,,,0.010,,,ENE,1.0,,
27201100,2025/01/06,15,,0.002,0.019,0.021,,0.016,,,,0.011,,,WSW,1.5,,
27201100,2025/01/06,16,,0.007,0.032,0.039,,0.007,,,,0.013,,,SW,2.7,,
27201100,2025/01/06,17,,0.005,0.035,0.040,,0.003,,,,0.012,,,SSE,1.7,,
27201100,2025/01/06,18,,0.001,0.027,0.028,,0.009,,,,0.009,,,SW,2.3,,
27201100,2025/01/06,19,,0.001,0.022,0.023,,0.018,,,,0.007,,,SW,2.7,,
27201100,2025/01/06,20,,0.001,0.020,0.021,,0.018,,,,0.008,,,SW,2.0,,
27201100,2025/01/06,21,,0.001,0.016,0.017,,0.021,,,,0.010,,,WSW,2.4,,
27201100,2025/01/06,22,,0,0.014,0.014,,0.021,,,,0.010,,,WSW,1.9,,
27201100,2025/01/06,23,,0.001,0.016,0.017,,0.017,,,,0.019,,,W,2.6,,
27201100,2025/01/06,24,,0.001,0.015,0.016,,0.016,,,,0.023,,,W,2.3,,
27201100,2025/01/07,01,,0,0.017,0.017,,0.015,,,,0.023,,,WSW,3.1,,
27201100,2025/01/07,02,,0,0.012,0.012,,0.020,,,,0.021,,,W,2.5,,
27201100,2025/01/07,03,,0,0.009,0.009,,0.030,,,,0.024,,,W,4.1,,
27201100,2025/01/07,04,,0,0.013,0.013,,0.027,,,,0.026,,,W,4.1,,
27201100,2025/01/07,05,,0,0.006,0.006,,0.040,,,,0.023,,,WNW,4.0,,
27201100,2025/01/07,06,,0,0.009,0.009,,0.036,,,,0.020,,,NW,7.3,,
27201100,2025/01/07,07,,0,0.010,0.010,,0.033,,,,0.019,,,WNW,5.7,,
27201100,2025/01/07,08,,0,0.008,0.008,,0.033,,,,0.016,,,W,5.3,,
27201100,2025/01/07,09,,0.001,0.010,0.011,,0.032,,,,0.016,,,W,6.2,,
27201100,2025/01/07,10,,-,-,-,,-,,,,-,,,WNW,7.5,,
27201100,2025/01/07,11,,0.002,0.005,0.007,,0.038,,,,0.012,,,W,8.0,,
27201100,2025/01/07,12,,0.001,0.005,0.006,,0.039,,,,0.009,,,WNW,8.2,,
27201100,2025/01/07,13,,0.001,0.004,0.005,,0.038,,,,0.006,,,W,9.7,,
27201100,2025/01/07,14,,0.001,0.004,0.005,,0.037,,,,0.008,,,WNW,8.9,,
27201100,2025/01/07,15,,0.001,0.004,0.005,,0.035,,,,0.008,,,W,9.1,,
27201100,2025/01/07,16,,0.001,0.005,0.006,,0.035,,,,0.006,,,W,8.5,,
27201100,2025/01/07,17,,0.001,0.005,0.006,,0.035,,,,0.010,,,W,7.9,,
27201100,2025/01/07,18,,0,0.004,0.004,,0.035,,,,0.010,,,NW,6.5,,
27201100,2025/01/07,19,,0,0.007,0.007,,0.033,,,,0.009,,,WNW,6.4,,
27201100,2025/01/07,20,,0,0.004,0.004,,0.037,,,,0.010,,,WNW,7.5,,
27201100,2025/01/07,21,,0,0.005,0.005,,0.035,,,,0.008,,,W,6.5,,
27201100,2025/01/07,22,,0,0.004,0.004,,0.035,,,,0.008,,,W,5.0,,
27201100,2025/01/07,23,,0,0.004,0.004,,0.035,,,,0.010,,,W,4.8,,
27201100,2025/01/07,24,,0,0.004,0.004,,0.034,,,,0.011,,,W,5.6,,
27201100,2025/01/08,01,,0,0.003,0.003,,0.036,,,,0.009,,,W,5.3,,
27201100,2025/01/08,02,,0,0.003,0.003,,0.036,,,,0.010,,,W,6.6,,
27201100,2025/01/08,03,,0,0.003,0.003,,0.036,,,,0.008,,,WNW,6.0,,
27201100,2025/01/08,04,,0,0.004,0.004,,0.034,,,,0.009,,,W,4.7,,
27201100,2025/01/08,05,,0,0.003,0.003,,0.035,,,,0.009,,,W,4.8,,
27201100,2025/01/08,06,,0,0.004,0.004,,0.034,,,,0.009,,,W,6.0,,
27201100,2025/01/08,07,,0.001,0.007,0.008,,0.032,,,,0.008,,,W,4.6,,
27201100,2025/01/08,08,,0.001,0.010,0.011,,0.029,,,,0.009,,,W,5.1,,
27201100,2025/01/08,09,,0.002,0.009,0.011,,0.030,,,,0.011,,,W,4.9,,
27201100,2025/01/08,10,,0.002,0.006,0.008,,0.033,,,,0.008,,,W,8.0,,
27201100,2025/01/08,11,,0.002,0.005,0.007,,0.036,,,,0.008,,,W,8.1,,
27201100,2025/01/08,12,,0.002,0.004,0.006,,0.037,,,,0.009,,,W,6.6,,
27201100,2025/01/08,13,,0.001,0.004,0.005,,0.036,,,,0.008,,,W,6.6,,
27201100,2025/01/08,14,,0.002,0.007,0.009,,0.033,,,,0.009,,,W,4.2,,
27201100,2025/01/08,15,,0.002,0.007,0.009,,0.036,,,,0.008,,,W,8.4,,
27201100,2025/01/08,16,,0.001,0.006,0.007,,0.036,,,,0.010,,,W,6.9,,
27201100,2025/01/08,17,,0.001,0.006,0.007,,0.036,,,,0.008,,,W,6.7,,
27201100,2025/01/08,18,,0.001,0.010,0.011,,0.031,,,,0.009,,,NW,3.7,,
27201100,2025/01/08,19,,0,0.009,0.009,,0.032,,,,0.006,,,NW,2.7,,
27201100,2025/01/08,20,,0,0.014,0.014,,0.027,,,,0.007,,,W,1.3,,
27201100,2025/01/08,21,,0.001,0.010,0.011,,0.027,,,,0.008,,,S,2.4,,
27201100,2025/01/08,22,,0,0.009,0.009,,0.027,,,,0.008,,,S,2.3,,
27201100,2025/01/08,23,,0.001,0.010,0.011,,0.025,,,,0.008,,,WNW,0.8,,
27201100,2025/01/08,24,,0,0.009,0.009,,0.027,,,,0.010,,,SSW,2.9,,
27201100,2025/01/09,01,,0,0.005,0.005,,0.031,,,,0.008,,,S,2.1,,
27201100,2025/01/09,02,,0,0.005,0.005,,0.029,,,,0.007,,,S,1.7,,
27201100,2025/01/09,03,,0,0.006,0.006,,0.023,,,,0.008,,,SE,1.1,,
27201100,2025/01/09,04,,0,0.007,0.007,,0.022,,,,0.006,,,SE,1.4,,
27201100,2025/01/09,05,,0,0.010,0.010,,0.018,,,,0.008,,,N,0.6,,
27201100,2025/01/09,06,,0.004,0.024,0.028,,0.007,,,,0.010,,,NNE,1.6,,
27201100,2025/01/09,07,,0.018,0.031,0.049,,0.001,,,,0.016,,,S,0.7,,
27201100,2025/01/09,08,,0.016,0.034,0.050,,0.002,,,,0.017,,,SSE,1.9,,
27201100,2025/01/09,09,,0.012,0.029,0.041,,0.007,,,,0.014,,,NE,0.9,,
27201100,2025/01/09,10,,0.006,0.019,0.025,,0.020,,,,0.011,,,W,4.2,,
27201100,2025/01/09,11,,0.004,0.010,0.014,,0.029,,,,0.012,,,NW,6.0,,
27201100,2025/01/09,12,,0.003,0.007,0.010,,0.034,,,,0.007,,,WNW,7.3,,
27201100,2025/01/09,13,,0.002,0.005,0.007,,0.037,,,,0.006,,,WNW,7.9,,
27201100,2025/01/09,14,,0.001,0.006,0.007,,0.036,,,,0.008,,,NW,7.1,,
27201100,2025/01/09,15,,0.001,0.006,0.007,,0.036,,,,0.006,,,WNW,5.7,,
27201100,2025/01/09,16,,0.001,0.007,0.008,,0.036,,,,0.008,,,WNW,6.3,,
27201100,2025/01/09,17,,0.001,0.007,0.008,,0.036,,,,0.008,,,WNW,6.7,,
27201100,2025/01/09,18,,0,0.006,0.006,,0.037,,,,0.009,,,WNW,6.4,,
27201100,2025/01/09,19,,0,0.006,0.006,,0.036,,,,0.006,,,WNW,4.5,,
27201100,2025/01/09,20,,0,0.008,0.008,,0.034,,,,0.009,,,WNW,3.6,,
27201100,2025/01/09,21,,0,0.008,0.008,,0.034,,,,0.009,,,W,4.9,,
27201100,2025/01/09,22,,0,0.007,0.007,,0.034,,,,0.007,,,NW,3.3,,
27201100,2025/01/09,23,,0,0.006,0.006,,0.035,,,,0.009,,,NW,2.6,,
27201100,2025/01/09,24,,0,0.006,0.006,,0.034,,,,0.006,,,WNW,5.5,,
27201100,2025/01/10,01,,0,0.004,0.004,,0.036,,,,0.008,,,WNW,5.9,,
27201100,2025/01/10,02,,0,0.005,0.005,,0.036,,,,0.007,,,WNW,5.6,,
27201100,2025/01/10,03,,0,0.006,0.006,,0.036,,,,0.007,,,WNW,5.9,,
27201100,2025/01/10,04,,0,0.007,0.007,,0.035,,,,0.007,,,WNW,4.6,,
27201100,2025/01/10,05,,0,0.007,0.007,,0.034,,,,0.004,,,WNW,5.4,,
27201100,2025/01/10,06,,0,0.012,0.012,,0.028,,,,0.008,,,WNW,5.2,,
27201100,2025/01/10,07,,0,0.013,0.013,,0.027,,,,0.009,,,W,5.0,,
27201100,2025/01/10,08,,0.003,0.016,0.019,,0.026,,,,0.008,,,W,5.1,,
27201100,2025/01/10,09,,0.005,0.012,0.017,,0.029,,,,0.007,,,W,6.4,,
27201100,2025/01/10,10,,0.003,0.008,0.011,,0.032,,,,0.005,,,W,7.7,,
27201100,2025/01/10,11,,0.003,0.006,0.009,,0.034,,,,0.003,,,W,8.2,,
27201100,2025/01/10,12,,0.003,0.005,0.008,,0.034,,,,0.007,,,W,7.9,,
27201100,2025/01/10,13,,0.003,0.007,0.010,,0.034,,,,0.008,,,W,6.5,,
27201100,2025/01/10,14,,0.003,0.007,0.010,,0.034,,,,0.005,,,W,7.0,,
27201100,2025/01/10,15,,0.002,0.007,0.009,,0.034,,,,0.005,,,WNW,5.3,,
27201100,2025/01/10,16,,0.001,0.007,0.008,,0.036,,,,0.003,,,WNW,4.7,,
27201100,2025/01/10,17,,0,0.007,0.007,,0.036,,,,0.006,,,WNW,4.6,,
27201100,2025/01/10,18,,0.001,0.019,0.020,,0.023,,,,0.006,,,NNW,0.9,,
27201100,2025/01/10,19,,0.001,0.030,0.031,,0.011,,,,0.007,,,SSE,0.8,,
27201100,2025/01/10,20,,0.001,0.025,0.026,,0.016,,,,0.007,,,NW,1.9,,
27201100,2025/01/10,21,,0,0.013,0.013,,0.029,,,,0.004,,,WNW,1.9,,
27201100,2025/01/10,22,,0,0.010,0.010,,0.032,,,,0.006,,,WNW,3.6,,
27201100,2025/01/10,23,,0,0.010,0.010,,0.030,,,,0.006,,,WNW,2.9,,
27201100,2025/01/10,24,,0,0.009,0.009,,0.030,,,,0.006,,,WNW,3.4,,
27201100,2025/01/11,01,,0,0.008,0.008,,0.030,,,,0.004,,,WNW,3.3,,
27201100,2025/01/11,02,,0,0.009,0.009,,0.028,,,,0.006,,,WNW,3.9,,
27201100,2025/01/11,03,,0,0.009,0.009,,0.028,,,,0.005,,,WNW,4.1,,
27201100,2025/01/11,04,,0,0.008,0.008,,0.029,,,,0.007,,,WNW,3.8,,
27201100,2025/01/11,05,,0,0.007,0.007,,0.030,,,,0.007,,,WNW,3.3,,
27201100,2025/01/11,06,,0,0.010,0.010,,0.025,,,,0.008,,,WSW,3.7,,
27201100,2025/01/11,07,,0,0.010,0.010,,0.026,,,,0.008,,,W,3.8,,
27201100,2025/01/11,08,,0.001,0.011,0.012,,0.026,,,,0.008,,,WSW,3.0,,
27201100,2025/01/11,09,,0.003,0.011,0.014,,0.027,,,,0.009,,,W,5.0,,
27201100,2025/01/11,10,,0.003,0.009,0.012,,0.031,,,,0.008,,,W,3.4,,
27201100,2025/01/11,11,,0.002,0.007,0.009,,0.033,,,,0.006,,,W,4.6,,
27201100,2025/01/11,12,,0.002,0.006,0.008,,0.036,,,,0.007,,,W,3.8,,
27201100,2025/01/11,13,,0.001,0.004,0.005,,0.039,,,,0.006,,,WNW,4.2,,
27201100,2025/01/11,14,,0.001,0.004,0.005,,0.040,,,,0.006,,,WSW,4.4,,
27201100,2025/01/11,15,,0.001,0.004,0.005,,0.042,,,,0.007,,,WSW,4.4,,
27201100,2025/01/11,16,,0.001,0.003,0.004,,0.042,,,,0.005,,,WSW,2.2,,
27201100,2025/01/11,17,,0,0.006,0.006,,0.040,,,,0.007,,,WSW,2.5,,
27201100,2025/01/11,18,,0,0.011,0.011,,0.034,,,,0.007,,,SSW,1.6,,
27201100,2025/01/11,19,,0,0.012,0.012,,0.029,,,,0.009,,,S,2.0,,
27201100,2025/01/11,20,,0.001,0.010,0.011,,0.030,,,,0.008,,,SSE,2.3,,
27201100,2025/01/11,21,,0.001,0.011,0.012,,0.025,,,,0.008,,,SE,1.8,,
27201100,2025/01/11,22,,0,0.010,0.010,,0.024,,,,0.007,,,SSE,1.3,,
27201100,2025/01/11,23,,0.001,0.012,0.013,,0.022,,,,0.009,,,SE,0.8,,
27201100,2025/01/11,24,,-,-,-,,0.021,,,,0.007,,,ESE,1.0,,
27201100,2025/01/12,01,,0.001,0.011,0.012,,0.017,,,,0.007,,,E,1.8,,
27201100,2025/01/12,02,,0.001,0.010,0.011,,0.014,,,,0.008,,,E,1.0,,
27201100,2025/01/12,03,,0,0.011,0.011,,0.012,,,,0.009,,,E,1.7,,
27201100,2025/01/12,04,,0,0.010,0.010,,0.014,,,,0.009,,,SE,0.6,,
27201100,2025/01/12,05,,0,0.010,0.010,,0.012,,,,0.009,,,CALM,0.2,,
27201100,2025/01/12,06,,0,0.012,0.012,,0.008,,,,0.009,,,CALM,0.4,,
27201100,2025/01/12,07,,0.001,0.012,0.013,,0.009,,,,0.010,,,CALM,0.4,,
27201100,2025/01/12,08,,0.001,0.016,0.017,,0.013,,,,0.013,,,SE,2.7,,
27201100,2025/01/12,09,,0.003,0.014,0.017,,0.018,,,,0.017,,,SE,2.4,,
27201100,2025/01/12,10,,0.004,0.010,0.014,,0.023,,,,0.017,,,ESE,2.7,,
27201100,2025/01/12,11,,0.002,0.007,0.009,,0.031,,,,0.015,,,W,2.5,,
27201100,2025/01/12,12,,0.002,0.008,0.010,,0.037,,,,0.016,,,W,3.7,,
27201100,2025/01/12,13,,0.001,0.006,0.007,,0.041,,,,0.012,,,W,2.9,,
27201100,2025/01/12,14,,0.001,0.004,0.005,,0.043,,,,0.009,,,WNW,2.2,,
27201100,2025/01/12,15,,0.001,0.004,0.005,,0.044,,,,0.009,,,WSW,4.2,,
27201100,2025/01/12,16,,0,0.004,0.004,,0.045,,,,0.008,,,WSW,4.0,,
27201100,2025/01/12,17,,0,0.004,0.004,,0.044,,,,0.010,,,W,2.3,,
27201100,2025/01/12,18,,0,0.008,0.008,,0.040,,,,0.011,,,W,2.0,,
27201100,2025/01/12,19,,0,0.011,0.011,,0.036,,,,0.011,,,NW,1.9,,
27201100,2025/01/12,20,,0,0.015,0.015,,0.031,,,,0.012,,,SSW,1.6,,
27201100,2025/01/12,21,,0.001,0.013,0.014,,0.029,,,,0.014,,,N,0.7,,
27201100,2025/01/12,22,,0,0.013,0.013,,0.030,,,,0.014,,,S,1.5,,
27201100,2025/01/12,23,,0,0.008,0.008,,0.036,,,,0.011,,,NW,4.8,,
27201100,2025/01/12,24,,0,0.008,0.008,,0.038,,,,0.011,,,WNW,5.4,,
27201100,2025/01/13,01,,0,0.005,0.005,,0.043,,,,0.008,,,W,5.8,,
27201100,2025/01/13,02,,0,0.003,0.003,,0.045,,,,0.007,,,W,5.4,,
27201100,2025/01/13,03,,0,0.003,0.003,,0.044,,,,0.009,,,W,4.4,,
27201100,2025/01/13,04,,0,0.004,0.004,,0.043,,,,0.010,,,W,5.0,,
27201100,2025/01/13,05,,0,0.004,0.004,,0.042,,,,0.010,,,WNW,5.0,,
27201100,2025/01/13,06,,0,0.006,0.006,,0.039,,,,0.011,,,WNW,3.4,,
27201100,2025/01/13,07,,0,0.010,0.010,,0.033,,,,0.014,,,W,2.9,,
27201100,2025/01/13,08,,0.001,0.010,0.011,,0.034,,,,0.012,,,W,3.3,,
27201100,2025/01/13,09,,0.001,0.008,0.009,,0.036,,,,0.015,,,W,4.0,,
27201100,2025/01/13,10,,0.002,0.009,0.011,,0.037,,,,0.016,,,WNW,5.0,,
27201100,2025/01/13,11,,0.002,0.008,0.010,,0.039,,,,0.019,,,W,6.1,,
27201100,2025/01/13,12,,0.002,0.008,0.010,,0.039,,,,0.018,,,WNW,5.1,,
27201100,2025/01/13,13,,0.001,0.006,0.007,,0.043,,,,0.014,,,WNW,5.0,,
27201100,2025/01/13,14,,0.001,0.007,0.008,,0.044,,,,0.014,,,WNW,5.0,,
27201100,2025/01/13,15,,0.001,0.006,0.007,,0.046,,,,0.014,,,WNW,3.8,,
27201100,2025/01/13,16,,0.001,0.006,0.007,,0.046,,,,0.012,,,W,4.5,,
27201100,2025/01/13,17,,0,0.007,0.007,,0.046,,,,0.012,,,W,3.9,,
27201100,2025/01/13,18,,0,0.011,0.011,,0.040,,,,0.013,,,WSW,2.4,,
27201100,2025/01/13,19,,0,0.014,0.014,,0.035,,,,0.014,,,SSW,2.1,,
27201100,2025/01/13,20,,0.001,0.013,0.014,,0.033,,,,0.013,,,S,2.5,,
27201100,2025/01/13,21,,0.001,0.012,0.013,,0.030,,,,0.012,,,SSW,2.0,,
27201100,2025/01/13,22,,0,0.010,0.010,,0.033,,,,0.008,,,W,3.7,,
27201100,2025/01/13,23,,0,0.007,0.007,,0.037,,,,0.008,,,W,3.9,,
27201100,2025/01/13,24,,0,0.005,0.005,,0.041,,,,0.011,,,W,4.3,,
27201100,2025/01/14,01,,0,0.007,0.007,,0.038,,,,0.009,,,W,1.7,,
27201100,2025/01/14,02,,0,0.006,0.006,,0.040,,,,0.012,,,WSW,2.2,,
27201100,2025/01/14,03,,0,0.005,0.005,,0.038,,,,0.012,,,SSW,2.5,,
27201100,2025/01/14,04,,0,0.005,0.005,,0.035,,,,0.014,,,S,1.8,,
27201100,2025/01/14,05,,0,0.006,0.006,,0.033,,,,0.014,,,W,0.9,,
27201100,2025/01/14,06,,0,0.013,0.013,,0.027,,,,0.015,,,W,1.4,,
27201100,2025/01/14,07,,0.003,0.024,0.027,,0.020,,,,0.016,,,WNW,2.1,,
27201100,2025/01/14,08,,0.002,0.026,0.028,,0.019,,,,0.016,,,SSW,2.7,,
27201100,2025/01/14,09,,0.004,0.020,0.024,,0.024,,,,0.019,,,SW,2.4,,
27201100,2025/01/14,10,,0.004,0.015,0.019,,0.033,,,,0.015,,,W,6.0,,
27201100,2025/01/14,11,,0.002,0.010,0.012,,0.042,,,,0.014,,,W,4.7,,
27201100,2025/01/14,12,,0.003,0.010,0.013,,0.044,,,,0.014,,,WNW,5.1,,
27201100,2025/01/14,13,,0.002,0.008,0.010,,0.046,,,,0.016,,,W,5.1,,
27201100,2025/01/14,14,,0.002,0.010,0.012,,0.047,,,,0.020,,,W,4.4,,
27201100,2025/01/14,15,,0.001,0.008,0.009,,0.048,,,,0.018,,,W,4.1,,
27201100,2025/01/14,16,,0.001,0.007,0.008,,0.050,,,,0.017,,,WSW,3.4,,
27201100,2025/01/14,17,,0,0.009,0.009,,0.048,,,,0.017,,,WSW,3.0,,
27201100,2025/01/14,18,,0,0.011,0.011,,0.046,,,,0.021,,,SW,2.0,,
27201100,2025/01/14,19,,0,0.011,0.011,,0.042,,,,0.022,,,SSW,2.4,,
27201100,2025/01/14,20,,0,0.009,0.009,,0.044,,,,0.021,,,S,2.1,,
27201100,2025/01/14,21,,0.001,0.011,0.012,,0.040,,,,0.024,,,SSW,2.4,,
27201100,2025/01/14,22,,0,0.009,0.009,,0.043,,,,0.024,,,S,2.4,,
27201100,2025/01/14,23,,0,0.008,0.008,,0.043,,,,0.023,,,SSW,2.6,,
27201100,2025/01/14,24,,0,0.007,0.007,,0.043,,,,0.024,,,SW,2.3,,
27201100,2025/01/15,01,,0,0.007,0.007,,0.043,,,,0.023,,,SW,2.4,,
27201100,2025/01/15,02,,0,0.007,0.007,,0.043,,,,0.024,,,SSW,2.6,,
27201100,2025/01/15,03,,0,0.006,0.006,,0.044,,,,0.022,,,SW,2.2,,
27201100,2025/01/15,04,,0,0.006,0.006,,0.044,,,,0.023,,,SW,2.8,,
27201100,2025/01/15,05,,0,0.006,0.006,,0.044,,,,0.022,,,WSW,1.0,,
27201100,2025/01/15,06,,0,0.015,0.015,,0.034,,,,0.023,,,WSW,2.4,,
27201100,2025/01/15,07,,0.001,0.027,0.028,,0.024,,,,0.029,,,WNW,4.3,,
27201100,2025/01/15,08,,0.001,0.021,0.022,,0.024,,,,0.034,,,WSW,3.1,,
27201100,2025/01/15,09,,0.002,0.020,0.022,,0.023,,,,0.037,,,WSW,3.2,,
27201100,2025/01/15,10,,0.002,0.015,0.017,,0.035,,,,0.022,,,WNW,6.0,,
27201100,2025/01/15,11,,0.002,0.010,0.012,,0.041,,,,0.020,,,W,6.2,,
27201100,2025/01/15,12,,0.001,0.010,0.011,,0.041,,,,0.018,,,WSW,6.2,,
27201100,2025/01/15,13,,0.001,0.007,0.008,,0.042,,,,0.018,,,W,6.6,,
27201100,2025/01/15,14,,0.002,0.008,0.010,,0.042,,,,0.021,,,WNW,6.2,,
27201100,2025/01/15,15,,0.001,0.008,0.009,,0.043,,,,0.019,,,W,6.9,,
27201100,2025/01/15,16,,0.001,0.006,0.007,,0.043,,,,0.014,,,WNW,7.1,,
27201100,2025/01/15,17,,0.001,0.007,0.008,,0.041,,,,0.009,,,WNW,5.2,,
27201100,2025/01/15,18,,0,0.009,0.009,,0.036,,,,0.007,,,N,1.8,,
27201100,2025/01/15,19,,0,0.011,0.011,,0.032,,,,0.007,,,NW,6.0,,
27201100,2025/01/15,20,,0,0.010,0.010,,0.032,,,,0.005,,,NW,3.6,,
27201100,2025/01/15,21,,0,0.007,0.007,,0.034,,,,0.004,,,NW,3.5,,
27201100,2025/01/15,22,,0,0.008,0.008,,0.032,,,,0.006,,,WNW,3.6,,
27201100,2025/01/15,23,,0,0.009,0.009,,0.030,,,,0.004,,,WNW,1.3,,
27201100,2025/01/15,24,,0,0.011,0.011,,0.027,,,,0.005,,,WSW,1.2,,
27201100,2025/01/16,01,,0,0.010,0.010,,0.027,,,,0.006,,,SW,2.2,,
27201100,2025/01/16,02,,0,0.006,0.006,,0.029,,,,0.005,,,SW,1.7,,
27201100,2025/01/16,03,,0,0.005,0.005,,0.030,,,,0.007,,,WSW,2.3,,
27201100,2025/01/16,04,,0,0.006,0.006,,0.029,,,,0.006,,,WNW,2.4,,
27201100,2025/01/16,05,,0,0.009,0.009,,0.026,,,,0.007,,,W,1.9,,
27201100,2025/01/16,06,,0,0.012,0.012,,0.024,,,,0.006,,,WSW,1.9,,
27201100,2025/01/16,07,,0.001,0.016,0.017,,0.022,,,,0.009,,,SW,2.2,,
27201100,2025/01/16,08,,0.001,0.017,0.018,,0.021,,,,0.008,,,WSW,3.1,,
27201100,2025/01/16,09,,0.005,0.015,0.020,,0.025,,,,0.009,,,W,5.4,,
27201100,2025/01/16,10,,0.004,0.009,0.013,,0.032,,,,0.008,,,W,4.8,,
27201100,2025/01/16,11,,0.004,0.010,0.014,,0.032,,,,0.010,,,W,4.8,,
27201100,2025/01/16,12,,0.003,0.007,0.010,,0.037,,,,0.009,,,W,5.2,,
27201100,2025/01/16,13,,0.002,0.005,0.007,,0.040,,,,0.006,,,W,5.2,,
27201100,2025/01/16,14,,0.002,0.005,0.007,,0.040,,,,0.005,,,WSW,4.2,,
27201100,2025/01/16,15,,0.001,0.005,0.006,,0.041,,,,0.008,,,W,4.9,,
27201100,2025/01/16,16,,0.002,0.007,0.009,,0.038,,,,0.011,,,W,3.5,,
27201100,2025/01/16,17,,0.001,0.010,0.011,,0.035,,,,0.013,,,WSW,2.9,,
27201100,2025/01/16,18,,0,0.013,0.013,,0.032,,,,0.015,,,SW,2.7,,
27201100,2025/01/16,19,,0,0.015,0.015,,0.027,,,,0.014,,,SSW,2.5,,
27201100,2025/01/16,20,,0.001,0.014,0.015,,0.026,,,,0.011,,,S,2.8,,
27201100,2025/01/16,21,,0.001,0.012,0.013,,0.029,,,,0.012,,,SW,1.6,,
27201100,2025/01/16,22,,0,0.012,0.012,,0.030,,,,0.014,,,WNW,2.1,,
27201100,2025/01/16,23,,0,0.010,0.010,,0.032,,,,0.009,,,SW,2.1,,
27201100,2025/01/16,24,,0,0.010,0.010,,0.030,,,,0.010,,,SSW,2.0,,
27201100,2025/01/17,01,,0,0.008,0.008,,0.031,,,,0.010,,,WSW,2.7,,
27201100,2025/01/17,02,,0,0.006,0.006,,0.036,,,,0.007,,,WNW,4.7,,
27201100,2025/01/17,03,,0,0.007,0.007,,0.034,,,,0.008,,,WNW,3.7,,
27201100,2025/01/17,04,,0,0.007,0.007,,0.033,,,,0.009,,,WNW,3.9,,
27201100,2025/01/17,05,,0,0.009,0.009,,0.031,,,,0.014,,,NW,3.9,,
27201100,2025/01/17,06,,0,0.015,0.015,,0.024,,,,0.012,,,WNW,3.2,,
27201100,2025/01/17,07,,0,0.019,0.019,,0.021,,,,0.010,,,NNW,2.4,,
27201100,2025/01/17,08,,0.001,0.013,0.014,,0.028,,,,0.008,,,NNW,2.3,,
27201100,2025/01/17,09,,0.002,0.010,0.012,,0.030,,,,0.007,,,NNW,2.1,,
27201100,2025/01/17,10,,0.003,0.010,0.013,,0.031,,,,0.008,,,NE,1.2,,
27201100,2025/01/17,11,,0.003,0.012,0.015,,0.031,,,,0.009,,,N,1.7,,
27201100,2025/01/17,12,,0.003,0.010,0.013,,0.032,,,,0.007,,,NNE,3.3,,
27201100,2025/01/17,13,,0.002,0.006,0.008,,0.037,,,,0.006,,,NNW,4.6,,
27201100,2025/01/17,14,,0.002,0.006,0.008,,0.038,,,,0.006,,,NNW,3.9,,
27201100,2025/01/17,15,,0.002,0.007,0.009,,0.036,,,,0.007,,,NNE,4.7,,
27201100,2025/01/17,16,,0.001,0.007,0.008,,0.036,,,,0.008,,,NE,3.9,,
27201100,2025/01/17,17,,0.001,0.007,0.008,,0.035,,,,0.008,,,NNE,4.4,,
27201100,2025/01/17,18,,0,0.008,0.008,,0.034,,,,0.006,,,NNE,2.2,,
27201100,2025/01/17,19,,0,0.009,0.009,,0.032,,,,0.008,,,NNE,1.6,,
27201100,2025/01/17,20,,0,0.008,0.008,,0.033,,,,0.007,,,N,2.1,,
27201100,2025/01/17,21,,0,0.011,0.011,,0.031,,,,0.011,,,N,0.5,,
27201100,2025/01/17,22,,0,0.020,0.020,,0.022,,,,0.011,,,W,1.5,,
27201100,2025/01/17,23,,0.001,0.020,0.021,,0.019,,,,0.010,,,S,1.6,,
27201100,2025/01/17,24,,0.001,0.017,0.018,,0.020,,,,0.009,,,SSE,1.5,,
27201100,2025/01/18,01,,0.001,0.017,0.018,,0.016,,,,0.010,,,SSE,1.3,,
27201100,2025/01/18,02,,0.001,0.013,0.014,,0.018,,,,0.007,,,S,0.9,,
27201100,2025/01/18,03,,0,0.010,0.010,,0.023,,,,0.011,,,CALM,0.2,,
27201100,2025/01/18,04,,0,0.008,0.008,,0.023,,,,0.010,,,SSE,0.6,,
27201100,2025/01/18,05,,0,0.010,0.010,,0.020,,,,0.008,,,SSE,0.5,,
27201100,2025/01/18,06,,0,0.009,0.009,,0.020,,,,0.009,,,CALM,0.2,,
27201100,2025/01/18,07,,0.001,0.012,0.013,,0.019,,,,0.009,,,ESE,0.6,,
27201100,2025/01/18,08,,0.003,0.016,0.019,,0.013,,,,0.011,,,E,0.8,,
27201100,2025/01/18,09,,0.009,0.019,0.028,,0.016,,,,0.015,,,E,1.9,,
27201100,2025/01/18,10,,0.004,0.012,0.016,,0.028,,,,0.012,,,NE,1.6,,
27201100,2025/01/18,11,,0.002,0.006,0.008,,0.039,,,,0.007,,,NE,3.7,,
27201100,2025/01/18,12,,0.001,0.005,0.006,,0.040,,,,0.007,,,N,2.5,,
27201100,2025/01/18,13,,0.002,0.006,0.008,,0.041,,,,0.007,,,NW,1.9,,
27201100,2025/01/18,14,,0.001,0.006,0.007,,0.042,,,,0.009,,,ENE,1.6,,
27201100,2025/01/18,15,,0.001,0.006,0.007,,0.042,,,,0.009,,,NNE,1.2,,
27201100,2025/01/18,16,,0.001,0.007,0.008,,0.042,,,,0.009,,,N,1.7,,
27201100,2025/01/18,17,,0.001,0.008,0.009,,0.040,,,,0.009,,,NNW,1.7,,
27201100,2025/01/18,18,,0,0.021,0.021,,0.027,,,,0.012,,,WNW,1.4,,
27201100,2025/01/18,19,,0.001,0.028,0.029,,0.017,,,,0.014,,,SSW,1.6,,
27201100,2025/01/18,20,,0.001,0.022,0.023,,0.022,,,,0.013,,,SSE,1.8,,
27201100,2025/01/18,21,,0.002,0.025,0.027,,0.016,,,,0.013,,,SSE,2.0,,
27201100,2025/01/18,22,,0.001,0.019,0.020,,0.018,,,,0.012,,,SE,2.1,,
27201100,2025/01/18,23,,0.001,0.012,0.013,,0.023,,,,0.011,,,SE,1.9,,
27201100,2025/01/18,24,,-,-,-,,0.018,,,,0.011,,,ENE,1.4,,
27201100,2025/01/19,01,,0.001,0.016,0.017,,0.014,,,,0.011,,,E,1.9,,
27201100,2025/01/19,02,,0.001,0.013,0.014,,0.015,,,,0.011,,,E,2.0,,
27201100,2025/01/19,03,,0,0.011,0.011,,0.016,,,,0.010,,,SSE,0.5,,
27201100,2025/01/19,04,,0,0.012,0.012,,0.014,,,,0.011,,,E,2.6,,
27201100,2025/01/19,05,,0,0.010,0.010,,0.015,,,,0.013,,,E,2.2,,
27201100,2025/01/19,06,,0,0.009,0.009,,0.015,,,,0.010,,,E,2.2,,
27201100,2025/01/19,07,,0,0.010,0.010,,0.013,,,,0.012,,,E,2.7,,
27201100,2025/01/19,08,,0.001,0.010,0.011,,0.013,,,,0.009,,,E,2.9,,
27201100,2025/01/19,09,,0.004,0.010,0.014,,0.015,,,,0.011,,,ENE,0.6,,
27201100,2025/01/19,10,,0.004,0.009,0.013,,0.021,,,,0.011,,,ESE,1.1,,
27201100,2025/01/19,11,,0.003,0.008,0.011,,0.029,,,,0.014,,,ENE,1.6,,
27201100,2025/01/19,12,,0.002,0.008,0.010,,0.036,,,,0.012,,,N,0.6,,
27201100,2025/01/19,13,,0.002,0.007,0.009,,0.042,,,,0.009,,,NNE,1.4,,
27201100,2025/01/19,14,,0.001,0.006,0.007,,0.046,,,,0.010,,,ESE,0.6,,
27201100,2025/01/19,15,,0.001,0.005,0.006,,0.047,,,,0.012,,,W,1.4,,
27201100,2025/01/19,16,,0.001,0.008,0.009,,0.045,,,,0.010,,,NW,3.0,,
27201100,2025/01/19,17,,0.001,0.015,0.016,,0.038,,,,0.013,,,W,1.9,,
27201100,2025/01/19,18,,0,0.016,0.016,,0.036,,,,0.015,,,WSW,2.0,,
27201100,2025/01/19,19,,0,0.017,0.017,,0.033,,,,0.012,,,CALM,0.3,,
27201100,2025/01/19,20,,0.001,0.022,0.023,,0.026,,,,0.013,,,ESE,0.9,,
27201100,2025/01/19,21,,0.001,0.025,0.026,,0.019,,,,0.017,,,SE,2.1,,
27201100,2025/01/19,22,,0.001,0.022,0.023,,0.017,,,,0.018,,,SSW,1.3,,
27201100,2025/01/19,23,,0.001,0.013,0.014,,0.025,,,,0.015,,,CALM,0.4,,
27201100,2025/01/19,24,,0,0.009,0.009,,0.027,,,,0.014,,,NNE,0.5,,
27201100,2025/01/20,01,,0,0.009,0.009,,0.027,,,,0.013,,,E,1.9,,
27201100,2025/01/20,02,,0,0.011,0.011,,0.021,,,,0.018,,,E,2.2,,
27201100,2025/01/20,03,,0,0.008,0.008,,0.024,,,,0.013,,,E,3.6,,
27201100,2025/01/20,04,,0,0.005,0.005,,0.036,,,,0.010,,,E,2.2,,
27201100,2025/01/20,05,,0,0.006,0.006,,0.033,,,,0.011,,,ENE,2.2,,
27201100,2025/01/20,06,,0,0.010,0.010,,0.027,,,,0.014,,,E,2.1,,
27201100,2025/01/20,07,,0,0.011,0.011,,0.022,,,,0.013,,,ENE,0.8,,
27201100,2025/01/20,08,,0.002,0.020,0.022,,0.013,,,,0.016,,,NNE,0.7,,
27201100,2025/01/20,09,,0.012,0.027,0.039,,0.011,,,,0.018,,,WNW,0.5,,
27201100,2025/01/20,10,,0.009,0.021,0.030,,0.019,,,,0.017,,,SSE,0.9,,
27201100,2025/01/20,11,,0.012,0.024,0.036,,0.019,,,,0.031,,,SW,1.4,,
27201100,2025/01/20,12,,-,-,-,,-,,,,0.025,,,W,1.8,,
27201100,2025/01/20,13,,-,-,-,,0.037,,,,0.014,,,W,3.4,,
27201100,2025/01/20,14,,0.002,0.008,0.010,,0.043,,,,0.012,,,W,4.2,,
27201100,2025/01/20,15,,0.002,0.009,0.011,,0.045,,,,0.013,,,W,2.8,,
27201100,2025/01/20,16,,0.001,0.009,0.010,,0.046,,,,0.013,,,WSW,2.9,,
27201100,2025/01/20,17,,0.001,0.008,0.009,,0.046,,,,0.011,,,W,2.4,,
27201100,2025/01/20,18,,0,0.011,0.011,,0.042,,,,0.016,,,SW,1.3,,
27201100,2025/01/20,19,,0.001,0.018,0.019,,0.032,,,,0.017,,,SSW,2.0,,
27201100,2025/01/20,20,,0.001,0.017,0.018,,0.026,,,,0.013,,,CALM,0.3,,
27201100,2025/01/20,21,,0.001,0.020,0.021,,0.021,,,,0.015,,,SSW,1.6,,
27201100,2025/01/20,22,,0.001,0.020,0.021,,0.019,,,,0.015,,,SE,1.4,,
27201100,2025/01/20,23,,0.001,0.018,0.019,,0.015,,,,0.013,,,ESE,1.0,,
27201100,2025/01/20,24,,0.001,0.020,0.021,,0.013,,,,0.015,,,S,1.5,,
27201100,2025/01/21,01,,0.001,0.017,0.018,,0.015,,,,0.017,,,SW,0.7,,
27201100,2025/01/21,02,,0.001,0.017,0.018,,0.012,,,,0.016,,,SE,1.4,,
27201100,2025/01/21,03,,0,0.012,0.012,,0.008,,,,0.016,,,SE,1.2,,
27201100,2025/01/21,04,,0.001,0.011,0.012,,0.009,,,,0.015,,,SE,1.8,,
27201100,2025/01/21,05,,0,0.009,0.009,,0.016,,,,0.013,,,SSE,1.8,,
27201100,2025/01/21,06,,0,0.010,0.010,,0.018,,,,0.010,,,SE,1.5,,
27201100,2025/01/21,07,,0.001,0.019,0.020,,0.010,,,,0.010,,,SE,1.4,,
27201100,2025/01/21,08,,0.006,0.025,0.031,,0.009,,,,0.009,,,SSE,1.6,,
27201100,2025/01/21,09,,0.008,0.022,0.030,,0.018,,,,0.009,,,SSE,0.5,,
27201100,2025/01/21,10,,0.005,0.015,0.020,,0.032,,,,0.010,,,N,1.6,,
27201100,2025/01/21,11,,0.007,0.019,0.026,,0.032,,,,0.015,,,NW,1.5,,
27201100,2025/01/21,12,,0.007,0.022,0.029,,0.033,,,,0.016,,,N,2.8,,
27201100,2025/01/21,13,,0.001,0.007,0.008,,0.048,,,,0.014,,,N,3.2,,
27201100,2025/01/21,14,,0.001,0.007,0.008,,0.047,,,,0.015,,,NNW,4.2,,
27201100,2025/01/21,15,,0.003,0.014,0.017,,0.040,,,,0.014,,,N,2.7,,
27201100,2025/01/21,16,,0.001,0.015,0.016,,0.040,,,,0.013,,,NW,3.9,,
27201100,2025/01/21,17,,0.001,0.014,0.015,,0.040,,,,0.014,,,NNW,2.6,,
27201100,2025/01/21,18,,0,0.010,0.010,,0.044,,,,0.013,,,NNE,2.8,,
27201100,2025/01/21,19,,0,0.010,0.010,,0.044,,,,0.012,,,NNE,2.0,,
27201100,2025/01/21,20,,0,0.013,0.013,,0.039,,,,0.013,,,NE,2.1,,
27201100,2025/01/21,21,,0.001,0.020,0.021,,0.029,,,,0.015,,,SE,1.8,,
27201100,2025/01/21,22,,0.001,0.019,0.020,,0.021,,,,0.013,,,SSE,1.0,,
27201100,2025/01/21,23,,0.001,0.016,0.017,,0.022,,,,0.012,,,SE,2.2,,
27201100,2025/01/21,24,,0.001,0.013,0.014,,0.027,,,,0.011,,,SSE,1.6,,
27201100,2025/01/22,01,,0,0.010,0.010,,0.027,,,,0.011,,,SSE,1.8,,
27201100,2025/01/22,02,,0,0.007,0.007,,0.030,,,,0.010,,,SSE,1.8,,
27201100,2025/01/22,03,,0,0.007,0.007,,0.032,,,,0.009,,,SSE,1.6,,
27201100,2025/01/22,04,,0,0.007,0.007,,0.032,,,,0.011,,,SSW,1.8,,
27201100,2025/01/22,05,,0,0.008,0.008,,0.027,,,,0.009,,,ESE,1.1,,
27201100,2025/01/22,06,,0,0.011,0.011,,0.022,,,,0.011,,,S,2.3,,
27201100,2025/01/22,07,,0.001,0.020,0.021,,0.019,,,,0.013,,,SW,2.3,,
27201100,2025/01/22,08,,0.002,0.020,0.022,,0.021,,,,0.017,,,SW,2.1,,
27201100,2025/01/22,09,,0.005,0.020,0.025,,0.022,,,,0.019,,,SW,2.4,,
27201100,2025/01/22,10,,0.006,0.018,0.024,,0.028,,,,0.019,,,W,2.9,,
27201100,2025/01/22,11,,0.005,0.018,0.023,,0.031,,,,0.018,,,WSW,3.8,,
27201100,2025/01/22,12,,0.004,0.015,0.019,,0.040,,,,0.017,,,WSW,3.2,,
27201100,2025/01/22,13,,0.003,0.011,0.014,,0.046,,,,0.018,,,W,3.8,,
27201100,2025/01/22,14,,0.002,0.010,0.012,,0.050,,,,0.019,,,WNW,3.6,,
27201100,2025/01/22,15,,0.001,0.008,0.009,,0.053,,,,0.019,,,WSW,2.6,,
27201100,2025/01/22,16,,0.001,0.008,0.009,,0.052,,,,0.021,,,WSW,3.1,,
27201100,2025/01/22,17,,0.001,0.010,0.011,,0.050,,,,0.019,,,SW,2.7,,
27201100,2025/01/22,18,,0,0.014,0.014,,0.044,,,,0.021,,,WSW,1.5,,
27201100,2025/01/22,19,,0.001,0.020,0.021,,0.034,,,,0.022,,,SSE,2.0,,
27201100,2025/01/22,20,,0.001,0.016,0.017,,0.031,,,,0.016,,,SSE,2.4,,
27201100,2025/01/22,21,,0.001,0.015,0.016,,0.030,,,,0.015,,,SSE,1.9,,
27201100,2025/01/22,22,,0.001,0.014,0.015,,0.030,,,,0.013,,,SE,2.4,,
27201100,2025/01/22,23,,0,0.009,0.009,,0.034,,,,0.015,,,SSE,2.2,,
27201100,2025/01/22,24,,0,0.009,0.009,,0.032,,,,0.014,,,SE,1.9,,
27201100,2025/01/23,01,,0,0.008,0.008,,0.032,,,,0.017,,,SE,1.5,,
27201100,2025/01/23,02,,0,0.011,0.011,,0.025,,,,0.018,,,E,1.4,,
27201100,2025/01/23,03,,0,0.012,0.012,,0.021,,,,0.019,,,ESE,1.6,,
27201100,2025/01/23,04,,0,0.009,0.009,,0.025,,,,0.021,,,ESE,2.2,,
27201100,2025/01/23,05,,0,0.011,0.011,,0.025,,,,0.022,,,ESE,1.7,,
27201100,2025/01/23,06,,0,0.014,0.014,,0.019,,,,0.021,,,ENE,2.2,,
27201100,2025/01/23,07,,0.001,0.021,0.022,,0.011,,,,0.023,,,ENE,1.4,,
27201100,2025/01/23,08,,0.006,0.025,0.031,,0.008,,,,0.024,,,E,1.1,,
27201100,2025/01/23,09,,0.018,0.028,0.046,,0.007,,,,0.025,,,ESE,1.7,,
27201100,2025/01/23,10,,0.026,0.037,0.063,,0.011,,,,0.030,,,SE,1.4,,
27201100,2025/01/23,11,,0.011,0.026,0.037,,0.025,,,,0.033,,,N,0.8,,
27201100,2025/01/23,12,,0.008,0.025,0.033,,0.035,,,,0.036,,,NW,2.1,,
27201100,2025/01/23,13,,0.004,0.019,0.023,,0.051,,,,0.041,,,WNW,3.5,,
27201100,2025/01/23,14,,0.003,0.016,0.019,,0.056,,,,0.042,,,NW,2.6,,
27201100,2025/01/23,15,,0.002,0.014,0.016,,0.059,,,,0.037,,,WNW,3.3,,
27201100,2025/01/23,16,,0.001,0.013,0.014,,0.060,,,,0.027,,,W,2.7,,
27201100,2025/01/23,17,,0.001,0.013,0.014,,0.060,,,,0.027,,,W,2.4,,
27201100,2025/01/23,18,,0,0.017,0.017,,0.055,,,,0.033,,,SW,1.1,,
27201100,2025/01/23,19,,0.001,0.026,0.027,,0.041,,,,0.035,,,SSE,1.7,,
27201100,2025/01/23,20,,0.001,0.033,0.034,,0.024,,,,0.035,,,SSE,2.2,,
27201100,2025/01/23,21,,0.001,0.025,0.026,,0.027,,,,0.029,,,SE,1.4,,
27201100,2025/01/23,22,,0.001,0.023,0.024,,0.025,,,,0.020,,,ESE,1.1,,
27201100,2025/01/23,23,,0.001,0.018,0.019,,0.028,,,,0.019,,,SE,2.2,,
27201100,2025/01/23,24,,0.001,0.012,0.013,,0.035,,,,0.017,,,ESE,1.5,,
27201100,2025/01/24,01,,0,0.010,0.010,,0.037,,,,0.021,,,SE,2.5,,
27201100,2025/01/24,02,,0,0.010,0.010,,0.036,,,,0.020,,,E,2.2,,
27201100,2025/01/24,03,,0.001,0.014,0.015,,0.028,,,,0.023,,,E,1.1,,
27201100,2025/01/24,04,,0,0.013,0.013,,0.025,,,,0.023,,,SE,2.1,,
27201100,2025/01/24,05,,0,0.014,0.014,,0.022,,,,0.024,,,ESE,2.1,,
27201100,2025/01/24,06,,0.001,0.014,0.015,,0.024,,,,0.027,,,SE,2.3,,
27201100,2025/01/24,07,,0.001,0.017,0.018,,0.023,,,,0.034,,,NE,1.6,,
27201100,2025/01/24,08,,0.005,0.029,0.034,,0.010,,,,0.034,,,ESE,2.2,,
27201100,2025/01/24,09,,0.010,0.030,0.040,,0.012,,,,0.035,,,ENE,2.0,,
27201100,2025/01/24,10,,0.009,0.023,0.032,,0.020,,,,0.035,,,ENE,2.0,,
27201100,2025/01/24,11,,0.007,0.022,0.029,,0.032,,,,0.042,,,NE,1.6,,
27201100,2025/01/24,12,,0.009,0.030,0.039,,0.036,,,,0.044,,,NNE,1.4,,
27201100,2025/01/24,13,,0.003,0.017,0.020,,0.047,,,,0.029,,,NNW,2.1,,
27201100,2025/01/24,14,,0.001,0.010,0.011,,0.055,,,,0.023,,,NNE,2.2,,
27201100,2025/01/24,15,,0.001,0.010,0.011,,0.057,,,,0.026,,,ENE,1.5,,
27201100,2025/01/24,16,,0.001,0.011,0.012,,0.056,,,,0.026,,,N,1.0,,
27201100,2025/01/24,17,,0,0.011,0.011,,0.056,,,,0.026,,,E,1.0,,
27201100,2025/01/24,18,,0,0.013,0.013,,0.047,,,,0.024,,,NNE,3.0,,
27201100,2025/01/24,19,,0,0.010,0.010,,0.039,,,,0.015,,,NE,3.3,,
27201100,2025/01/24,20,,0,0.013,0.013,,0.034,,,,0.016,,,ENE,3.4,,
27201100,2025/01/24,21,,0,0.010,0.010,,0.037,,,,0.012,,,ENE,3.0,,
27201100,2025/01/24,22,,0,0.008,0.008,,0.039,,,,0.009,,,NE,2.4,,
27201100,2025/01/24,23,,0,0.011,0.011,,0.035,,,,0.010,,,ENE,1.7,,
27201100,2025/01/24,24,,0,0.012,0.012,,0.032,,,,0.009,,,E,1.8,,
27201100,2025/01/25,01,,0,0.012,0.012,,0.031,,,,0.013,,,ENE,1.7,,
27201100,2025/01/25,02,,0,0.005,0.005,,0.040,,,,0.008,,,NE,4.1,,
27201100,2025/01/25,03,,0,0.006,0.006,,0.039,,,,0.009,,,E,2.0,,
27201100,2025/01/25,04,,0,0.009,0.009,,0.028,,,,0.012,,,ESE,2.2,,
27201100,2025/01/25,05,,0,0.010,0.010,,0.026,,,,0.012,,,E,1.9,,
27201100,2025/01/25,06,,0,0.009,0.009,,0.028,,,,0.012,,,SE,1.7,,
27201100,2025/01/25,07,,0,0.009,0.009,,0.029,,,,0.010,,,ESE,1.7,,
27201100,2025/01/25,08,,0.001,0.012,0.013,,0.028,,,,0.009,,,ESE,1.3,,
27201100,2025/01/25,09,,0.002,0.012,0.014,,0.031,,,,0.009,,,NW,0.5,,
27201100,2025/01/25,10,,0.002,0.009,0.011,,0.039,,,,0.012,,,N,4.9,,
27201100,2025/01/25,11,,0.001,0.004,0.005,,0.044,,,,0.007,,,NNE,4.3,,
27201100,2025/01/25,12,,0.001,0.004,0.005,,0.045,,,,0.007,,,N,5.4,,
27201100,2025/01/25,13,,0.001,0.004,0.005,,0.047,,,,0.010,,,NNE,4.2,,
27201100,2025/01/25,14,,0.001,0.004,0.005,,0.047,,,,0.012,,,N,4.3,,
27201100,2025/01/25,15,,0,0.003,0.003,,0.047,,,,0.007,,,N,5.2,,
27201100,2025/01/25,16,,0,0.003,0.003,,0.045,,,,0.006,,,NNE,5.1,,
27201100,2025/01/25,17,,0,0.004,0.004,,0.044,,,,0.007,,,NNE,5.6,,
27201100,2025/01/25,18,,0,0.004,0.004,,0.042,,,,0.007,,,N,5.1,,
27201100,2025/01/25,19,,0,0.005,0.005,,0.041,,,,0.004,,,NNE,2.3,,
27201100,2025/01/25,20,,0,0.006,0.006,,0.040,,,,0.004,,,NNE,3.3,,
27201100,2025/01/25,21,,0,0.006,0.006,,0.038,,,,0.004,,,N,2.0,,
27201100,2025/01/25,22,,0,0.009,0.009,,0.035,,,,0.005,,,NNE,1.7,,
27201100,2025/01/25,23,,0.001,0.014,0.015,,0.028,,,,0.006,,,CALM,0.2,,
27201100,2025/01/25,24,,-,-,-,,0.019,,,,0.007,,,SE,1.5,,
27201100,2025/01/26,01,,0.001,0.013,0.014,,0.025,,,,0.007,,,SSE,1.7,,
27201100,2025/01/26,02,,0,0.013,0.013,,0.020,,,,0.006,,,S,1.4,,
27201100,2025/01/26,03,,0,0.010,0.010,,0.024,,,,0.007,,,SSE,1.9,,
27201100,2025/01/26,04,,0,0.008,0.008,,0.026,,,,0.006,,,SSE,1.7,,
27201100,2025/01/26,05,,0,0.009,0.009,,0.025,,,,0.008,,,SSW,1.1,,
27201100,2025/01/26,06,,0,0.007,0.007,,0.029,,,,0.006,,,SW,0.9,,
27201100,2025/01/26,07,,0,0.008,0.008,,0.025,,,,0.007,,,SE,1.6,,
27201100,2025/01/26,08,,0.001,0.011,0.012,,0.024,,,,0.007,,,SSW,0.7,,
27201100,2025/01/26,09,,0.002,0.008,0.010,,0.032,,,,0.005,,,NNE,0.7,,
27201100,2025/01/26,10,,0.001,0.006,0.007,,0.037,,,,0.005,,,N,1.1,,
27201100,2025/01/26,11,,0.002,0.006,0.008,,0.038,,,,0.004,,,NNW,1.6,,
27201100,2025/01/26,12,,0.001,0.005,0.006,,0.040,,,,0.004,,,N,3.0,,
27201100,2025/01/26,13,,0.001,0.003,0.004,,0.043,,,,0,,,N,4.9,,
27201100,2025/01/26,14,,0.001,0.004,0.005,,0.042,,,,0.005,,,NNE,5.6,,
27201100,2025/01/26,15,,0,0.003,0.003,,0.045,,,,0.004,,,NNW,5.8,,
27201100,2025/01/26,16,,0,0.003,0.003,,0.044,,,,0.004,,,NNW,4.9,,
27201100,2025/01/26,17,,0,0.004,0.004,,0.043,,,,0.005,,,NNW,2.8,,
27201100,2025/01/26,18,,0,0.004,0.004,,0.042,,,,0.003,,,N,4.3,,
27201100,2025/01/26,19,,0,0.004,0.004,,0.042,,,,0.004,,,NNE,4.4,,
27201100,2025/01/26,20,,0,0.006,0.006,,0.039,,,,0.002,,,N,1.9,,
27201100,2025/01/26,21,,0,0.009,0.009,,0.034,,,,0.004,,,WSW,0.9,,
27201100,2025/01/26,22,,0.001,0.014,0.015,,0.027,,,,0.005,,,SW,1.4,,
27201100,2025/01/26,23,,0.001,0.014,0.015,,0.024,,,,0.005,,,S,2.2,,
27201100,2025/01/26,24,,0,0.008,0.008,,0.027,,,,0.005,,,S,1.6,,
27201100,2025/01/27,01,,0,0.010,0.010,,0.023,,,,0.004,,,SSE,1.3,,
27201100,2025/01/27,02,,0,0.007,0.007,,0.022,,,,0.003,,,SE,1.1,,
27201100,2025/01/27,03,,0,0.005,0.005,,0.024,,,,0.004,,,NE,0.7,,
27201100,2025/01/27,04,,0,0.010,0.010,,0.016,,,,0.006,,,E,1.4,,
27201100,2025/01/27,05,,0,0.008,0.008,,0.020,,,,0.007,,,E,2.0,,
27201100,2025/01/27,06,,0,0.009,0.009,,0.017,,,,0.006,,,ESE,2.1,,
27201100,2025/01/27,07,,0.001,0.016,0.017,,0.011,,,,0.005,,,E,2.1,,
27201100,2025/01/27,08,,0.005,0.021,0.026,,0.007,,,,0.007,,,E,1.8,,
27201100,2025/01/27,09,,0.007,0.019,0.026,,0.012,,,,0.007,,,E,1.8,,
27201100,2025/01/27,10,,0.006,0.016,0.022,,0.018,,,,0.008,,,E,1.6,,
27201100,2025/01/27,11,,0.010,0.020,0.030,,0.020,,,,0.010,,,NNE,0.6,,
27201100,2025/01/27,12,,0.014,0.024,0.038,,0.023,,,,0.009,,,NW,1.0,,
27201100,2025/01/27,13,,0.006,0.017,0.023,,0.027,,,,0.011,,,W,2.2,,
27201100,2025/01/27,14,,0.012,0.029,0.041,,0.019,,,,0.016,,,NW,1.3,,
27201100,2025/01/27,15,,0.018,0.039,0.057,,0.012,,,,0.017,,,NW,1.5,,
27201100,2025/01/27,16,,0.010,0.036,0.046,,0.015,,,,0.015,,,NW,1.3,,
27201100,2025/01/27,17,,0.008,0.039,0.047,,0.009,,,,0.016,,,W,1.4,,
27201100,2025/01/27,18,,0.004,0.043,0.047,,0.004,,,,0.015,,,SE,1.2,,
27201100,2025/01/27,19,,0.006,0.045,0.051,,0.002,,,,0.020,,,E,1.5,,
27201100,2025/01/27,20,,0.004,0.042,0.046,,0.003,,,,0.020,,,E,1.5,,
27201100,2025/01/27,21,,0.003,0.036,0.039,,0.003,,,,0.020,,,ESE,0.7,,
27201100,2025/01/27,22,,0.003,0.034,0.037,,0.003,,,,0.019,,,SSE,1.6,,
27201100,2025/01/27,23,,0.002,0.029,0.031,,0.006,,,,0.017,,,SSE,1.5,,
27201100,2025/01/27,24,,0.001,0.023,0.024,,0.011,,,,0.014,,,WSW,0.7,,
27201100,2025/01/28,01,,0.001,0.025,0.026,,0.007,,,,0.015,,,SW,1.8,,
27201100,2025/01/28,02,,0.001,0.016,0.017,,0.015,,,,0.013,,,WSW,3.8,,
27201100,2025/01/28,03,,0,0.007,0.007,,0.035,,,,0.013,,,WNW,6.4,,
27201100,2025/01/28,04,,0,0.007,0.007,,0.037,,,,0.011,,,W,4.6,,
27201100,2025/01/28,05,,0,0.004,0.004,,0.041,,,,0.017,,,W,4.9,,
27201100,2025/01/28,06,,0,0.005,0.005,,0.040,,,,0.018,,,WNW,6.0,,
27201100,2025/01/28,07,,0.002,0.006,0.008,,0.039,,,,0.018,,,W,5.6,,
27201100,2025/01/28,08,,0.001,0.007,0.008,,0.039,,,,0.018,,,W,5.8,,
27201100,2025/01/28,09,,0.002,0.009,0.011,,0.038,,,,0.018,,,WNW,6.2,,
27201100,2025/01/28,10,,0.002,0.006,0.008,,0.040,,,,0.015,,,W,7.2,,
27201100,2025/01/28,11,,0.002,0.006,0.008,,0.040,,,,0.012,,,W,9.7,,
27201100,2025/01/28,12,,0.002,0.006,0.008,,0.040,,,,0.013,,,WSW,6.2,,
27201100,2025/01/28,13,,0.001,0.004,0.005,,0.041,,,,0.010,,,W,8.9,,
27201100,2025/01/28,14,,0.001,0.005,0.006,,0.042,,,,0.008,,,W,7.7,,
27201100,2025/01/28,15,,0.001,0.005,0.006,,0.044,,,,0.009,,,WSW,8.5,,
27201100,2025/01/28,16,,0.001,0.005,0.006,,0.043,,,,0.010,,,W,7.5,,
27201100,2025/01/28,17,,0.001,0.005,0.006,,0.042,,,,0.011,,,W,6.3,,
27201100,2025/01/28,18,,0,0.005,0.005,,0.041,,,,0.007,,,W,7.5,,
27201100,2025/01/28,19,,0,0.005,0.005,,0.040,,,,0.009,,,W,7.2,,
27201100,2025/01/28,20,,0,0.005,0.005,,0.039,,,,0.007,,,WSW,6.5,,
27201100,2025/01/28,21,,0,0.005,0.005,,0.039,,,,0.007,,,WSW,5.3,,
27201100,2025/01/28,22,,0,0.005,0.005,,0.038,,,,0.008,,,SW,2.9,,
27201100,2025/01/28,23,,0,0.005,0.005,,0.038,,,,0.007,,,SW,4.1,,
27201100,2025/01/28,24,,0,0.003,0.003,,0.039,,,,0.007,,,WSW,6.1,,
27201100,2025/01/29,01,,0,0.003,0.003,,0.039,,,,0.007,,,SW,5.1,,
27201100,2025/01/29,02,,0,0.003,0.003,,0.039,,,,0.006,,,WSW,5.2,,
27201100,2025/01/29,03,,0,0.003,0.003,,0.038,,,,0.006,,,WSW,3.6,,
27201100,2025/01/29,04,,0,0.003,0.003,,0.038,,,,0.007,,,WSW,6.1,,
27201100,2025/01/29,05,,0,0.003,0.003,,0.039,,,,0.008,,,WSW,4.4,,
27201100,2025/01/29,06,,0,0.004,0.004,,0.038,,,,0.008,,,W,6.1,,
27201100,2025/01/29,07,,0,0.008,0.008,,0.034,,,,0.011,,,WNW,5.5,,
27201100,2025/01/29,08,,0.001,0.008,0.009,,0.035,,,,0.009,,,WNW,7.0,,
27201100,2025/01/29,09,,0.002,0.008,0.010,,0.035,,,,0.007,,,W,8.0,,
27201100,2025/01/29,10,,0.002,0.006,0.008,,0.038,,,,0.009,,,WNW,8.4,,
27201100,2025/01/29,11,,0.002,0.005,0.007,,0.040,,,,0.008,,,WNW,8.6,,
27201100,2025/01/29,12,,0.002,0.006,0.008,,0.040,,,,0.010,,,WNW,7.2,,
27201100,2025/01/29,13,,0.002,0.005,0.007,,0.042,,,,0.008,,,WNW,8.1,,
27201100,2025/01/29,14,,0.001,0.006,0.007,,0.041,,,,0.009,,,W,8.8,,
27201100,2025/01/29,15,,0.001,0.005,0.006,,0.042,,,,0.008,,,W,8.3,,
27201100,2025/01/29,16,,0.001,0.005,0.006,,0.043,,,,0.007,,,W,7.2,,
27201100,2025/01/29,17,,0.001,0.005,0.006,,0.042,,,,0.007,,,W,6.8,,
27201100,2025/01/29,18,,0,0.006,0.006,,0.040,,,,0.007,,,W,5.5,,
27201100,2025/01/29,19,,0,0.007,0.007,,0.039,,,,0.009,,,WNW,5.3,,
27201100,2025/01/29,20,,0,0.006,0.006,,0.040,,,,0.005,,,WNW,5.6,,
27201100,2025/01/29,21,,0,0.006,0.006,,0.040,,,,0.008,,,WNW,7.9,,
27201100,2025/01/29,22,,0,0.007,0.007,,0.039,,,,0.009,,,WNW,5.1,,
27201100,2025/01/29,23,,0,0.007,0.007,,0.038,,,,0.009,,,WNW,3.8,,
27201100,2025/01/29,24,,0,0.007,0.007,,0.038,,,,0.009,,,WNW,4.3,,
27201100,2025/01/30,01,,0,0.006,0.006,,0.039,,,,0.008,,,NW,3.9,,
27201100,2025/01/30,02,,0,0.006,0.006,,0.039,,,,0.010,,,WNW,4.1,,
27201100,2025/01/30,03,,0,0.007,0.007,,0.036,,,,0.009,,,NW,3.8,,
27201100,2025/01/30,04,,0,0.006,0.006,,0.038,,,,0.010,,,WNW,4.8,,
27201100,2025/01/30,05,,0,0.004,0.004,,0.040,,,,0.008,,,NW,6.4,,
27201100,2025/01/30,06,,0,0.006,0.006,,0.038,,,,0.010,,,NW,6.1,,
27201100,2025/01/30,07,,0.001,0.006,0.007,,0.038,,,,0.010,,,WNW,6.3,,
27201100,2025/01/30,08,,0.001,0.006,0.007,,0.038,,,,0.008,,,W,6.9,,
27201100,2025/01/30,09,,0.002,0.007,0.009,,0.038,,,,0.010,,,WNW,6.2,,
27201100,2025/01/30,10,,0.002,0.007,0.009,,0.040,,,,0.011,,,W,6.5,,
27201100,2025/01/30,11,,0.002,0.005,0.007,,0.042,,,,0.013,,,W,6.9,,
27201100,2025/01/30,12,,0.002,0.005,0.007,,0.042,,,,0.013,,,W,6.4,,
27201100,2025/01/30,13,,0.001,0.004,0.005,,0.043,,,,0.011,,,W,7.6,,
27201100,2025/01/30,14,,0.001,0.005,0.006,,0.045,,,,0.014,,,W,7.0,,
27201100,2025/01/30,15,,0.001,0.004,0.005,,0.046,,,,0.016,,,W,7.7,,
27201100,2025/01/30,16,,0.001,0.005,0.006,,0.046,,,,0.016,,,W,7.7,,
27201100,2025/01/30,17,,0.001,0.005,0.006,,0.045,,,,0.018,,,W,8.1,,
27201100,2025/01/30,18,,0,0.007,0.007,,0.042,,,,0.017,,,WNW,5.5,,
27201100,2025/01/30,19,,0,0.008,0.008,,0.041,,,,0.019,,,WNW,4.5,,
27201100,2025/01/30,20,,0,0.009,0.009,,0.039,,,,0.019,,,NW,5.8,,
27201100,2025/01/30,21,,0,0.009,0.009,,0.039,,,,0.021,,,WNW,5.4,,
27201100,2025/01/30,22,,0,0.008,0.008,,0.041,,,,0.021,,,WNW,4.7,,
27201100,2025/01/30,23,,0,0.006,0.006,,0.043,,,,0.021,,,W,4.5,,
27201100,2025/01/30,24,,0,0.004,0.004,,0.045,,,,0.020,,,W,3.1,,
27201100,2025/01/31,01,,0,0.005,0.005,,0.044,,,,0.019,,,W,3.8,,
27201100,2025/01/31,02,,0,0.004,0.004,,0.046,,,,0.020,,,WNW,3.8,,
27201100,2025/01/31,03,,0,0.004,0.004,,0.046,,,,0.022,,,NW,2.4,,
27201100,2025/01/31,04,,0,0.005,0.005,,0.045,,,,0.025,,,WNW,1.8,,
27201100,2025/01/31,05,,0,0.010,0.010,,0.038,,,,0.028,,,W,1.4,,
27201100,2025/01/31,06,,0,0.011,0.011,,0.037,,,,0.028,,,W,3.9,,
27201100,2025/01/31,07,,0.002,0.013,0.015,,0.036,,,,0.030,,,W,1.9,,
27201100,2025/01/31,08,,0.003,0.022,0.025,,0.030,,,,0.031,,,WNW,2.4,,
27201100,2025/01/31,09,,0.004,0.021,0.025,,0.032,,,,0.034,,,WNW,2.8,,
27201100,2025/01/31,10,,0.005,0.020,0.025,,0.034,,,,0.034,,,WNW,3.9,,
27201100,2025/01/31,11,,0.004,0.014,0.018,,0.040,,,,0.035,,,W,4.9,,
27201100,2025/01/31,12,,0.002,0.009,0.011,,0.048,,,,0.036,,,WNW,5.5,,
27201100,2025/01/31,13,,0.002,0.008,0.010,,0.050,,,,0.039,,,WSW,4.3,,
27201100,2025/01/31,14,,0.002,0.012,0.014,,0.047,,,,0.041,,,W,5.4,,
27201100,2025/01/31,15,,0.001,0.010,0.011,,0.048,,,,0.036,,,W,6.5,,
27201100,2025/01/31,16,,0.001,0.011,0.012,,0.048,,,,0.038,,,WNW,4.2,,
27201100,2025/01/31,17,,0.001,0.014,0.015,,0.044,,,,0.037,,,NNW,1.9,,
27201100,2025/01/31,18,,0,0.010,0.010,,0.046,,,,0.040,,,NNW,3.6,,
27201100,2025/01/31,19,,0,0.010,0.010,,0.046,,,,0.042,,,N,3.1,,
27201100,2025/01/31,20,,0,0.011,0.011,,0.043,,,,0.043,,,N,0.9,,
27201100,2025/01/31,21,,0,0.016,0.016,,0.038,,,,0.042,,,E,1.0,,
27201100,2025/01/31,22,,0.001,0.021,0.022,,0.029,,,,0.043,,,SSE,1.7,,
27201100,2025/01/31,23,,0.001,0.018,0.019,,0.027,,,,0.042,,,S,1.3,,
27201100,2025/01/31,24,,0.001,0.018,0.019,,0.026,,,,0.042,,,SE,1.5,,
