測定局コード,日付,時,SO2(ppm),NO(ppm),NO2(ppm),NOx(ppm),CO(ppm),Ox(ppm),NMHC(ppmC),CH4(ppmC),THC(ppmC),SPM(mg/m3),PM2.5(μg/m3),SP(mg/m3),WD(16Dir),WS(m/s),TEMP(℃),HUM(％)
26202030,2023/09/01,01,0.001,0,0.007,0.007,,0.004,,,,0.015,5,,,,,
26202030,2023/09/01,02,0.001,0,0.006,0.006,,0.004,,,,0.014,4,,,,,
26202030,2023/09/01,03,0.001,0,0.004,0.004,,0.004,,,,0.008,3,,,,,
26202030,2023/09/01,04,0.001,0,0.003,0.003,,0.006,,,,0.010,3,,,,,
26202030,2023/09/01,05,0.001,0,0.003,0.003,,0.006,,,,0.007,1,,,,,
26202030,2023/09/01,06,0.001,0,0.003,0.003,,0.006,,,,0.008,2,,,,,
26202030,2023/09/01,07,0.002,0.001,0.004,0.005,,0.006,,,,0.022,8,,,,,
26202030,2023/09/01,08,0.003,0.002,0.004,0.006,,0.008,,,,0.027,10,,,,,
26202030,2023/09/01,09,0.005,0.002,0.004,0.006,,0.014,,,,0.027,14,,,,,
26202030,2023/09/01,10,0.001,0.001,0.001,0.002,,0.014,,,,0.014,6,,,,,
26202030,2023/09/01,11,0.001,0.001,0.001,0.002,,0.017,,,,0.008,4,,,,,
26202030,2023/09/01,12,0.001,0,0.002,0.002,,0.025,,,,0.014,8,,,,,
26202030,2023/09/01,13,0.001,0.001,0.002,0.003,,0.032,,,,0.020,9,,,,,
26202030,2023/09/01,14,0.001,0.001,0.002,0.003,,0.037,,,,0.012,6,,,,,
26202030,2023/09/01,15,0.001,0,0.001,0.001,,0.028,,,,0.003,2,,,,,
26202030,2023/09/01,16,0.001,0,0.001,0.001,,0.023,,,,0.001,1,,,,,
26202030,2023/09/01,17,0.001,0,0.001,0.001,,0.024,,,,0.004,3,,,,,
26202030,2023/09/01,18,0.001,0,0.002,0.002,,0.020,,,,0.006,5,,,,,
26202030,2023/09/01,19,0.001,0,0.003,0.003,,0.016,,,,0.008,4,,,,,
26202030,2023/09/01,20,0.001,0.001,0.003,0.004,,0.015,,,,0.010,6,,,,,
26202030,2023/09/01,21,0.001,0.001,0.003,0.004,,0.015,,,,0.006,3,,,,,
26202030,2023/09/01,22,0.001,0,0.003,0.003,,0.013,,,,0.010,4,,,,,
26202030,2023/09/01,23,0.001,0,0.004,0.004,,0.011,,,,0.010,4,,,,,
26202030,2023/09/01,24,0.001,0,0.002,0.002,,0.011,,,,0.009,3,,,,,
26202030,2023/09/02,01,0.001,0,0.003,0.003,,0.009,,,,0.008,4,,,,,
26202030,2023/09/02,02,0.001,0,0.003,0.003,,0.008,,,,0.008,3,,,,,
26202030,2023/09/02,03,0.001,0,0.003,0.003,,0.008,,,,0.012,5,,,,,
26202030,2023/09/02,04,0.001,0.001,0.003,0.004,,0.007,,,,0.010,3,,,,,
26202030,2023/09/02,05,0.001,0,0.004,0.004,,0.006,,,,0.011,5,,,,,
26202030,2023/09/02,06,0.001,0,0.003,0.003,,0.006,,,,0.010,3,,,,,
26202030,2023/09/02,07,0.001,0.001,0.003,0.004,,0.005,,,,0.011,3,,,,,
26202030,2023/09/02,08,0.001,0.001,0.003,0.004,,0.008,,,,0.013,4,,,,,
26202030,2023/09/02,09,0.003,0.003,0.004,0.007,,0.013,,,,0.019,6,,,,,
26202030,2023/09/02,10,0.002,0.002,0.003,0.005,,0.015,,,,0.017,6,,,,,
26202030,2023/09/02,11,0.001,0.001,0.002,0.003,,0.018,,,,0.011,5,,,,,
26202030,2023/09/02,12,0.001,0.002,0.002,0.004,,0.021,,,,0.012,6,,,,,
26202030,2023/09/02,13,0.001,0.001,0.003,0.004,,0.023,,,,0.014,8,,,,,
26202030,2023/09/02,14,0.001,0.001,0.003,0.004,,0.026,,,,0.011,6,,,,,
26202030,2023/09/02,15,0.001,0.001,0.003,0.004,,0.027,,,,0.013,7,,,,,
26202030,2023/09/02,16,0.001,0.001,0.002,0.003,,0.027,,,,0.010,5,,,,,
26202030,2023/09/02,17,0.002,0.001,0.003,0.004,,0.030,,,,0.014,9,,,,,
26202030,2023/09/02,18,0.002,0.001,0.003,0.004,,0.030,,,,0.012,7,,,,,
26202030,2023/09/02,19,0.001,0,0.002,0.002,,0.030,,,,0.009,5,,,,,
26202030,2023/09/02,20,0.001,0,0.002,0.002,,0.026,,,,0.014,7,,,,,
26202030,2023/09/02,21,0.001,0,0.003,0.003,,0.018,,,,0.013,6,,,,,
26202030,2023/09/02,22,0.001,0,0.003,0.003,,0.014,,,,0.012,5,,,,,
26202030,2023/09/02,23,0.001,0,0.003,0.003,,0.012,,,,0.015,6,,,,,
26202030,2023/09/02,24,0.001,0,0.003,0.003,,0.010,,,,0.012,4,,,,,
26202030,2023/09/03,01,0.001,0,0.003,0.003,,0.008,,,,0.014,5,,,,,
26202030,2023/09/03,02,0.001,0,0.003,0.003,,0.007,,,,0.014,5,,,,,
26202030,2023/09/03,03,0.001,0,0.004,0.004,,0.005,,,,0.012,4,,,,,
26202030,2023/09/03,04,0.001,0,0.004,0.004,,0.003,,,,0.014,5,,,,,
26202030,2023/09/03,05,0,0,0.004,0.004,,0.003,,,,0.014,5,,,,,
26202030,2023/09/03,06,0.001,0.001,0.004,0.005,,0.002,,,,0.017,6,,,,,
26202030,2023/09/03,07,0.001,0.003,0.004,0.007,,0.003,,,,0.026,7,,,,,
26202030,2023/09/03,08,0.002,0.010,0.007,0.017,,0.005,,,,0.030,10,,,,,
26202030,2023/09/03,09,0.003,0.009,0.009,0.018,,0.011,,,,0.024,8,,,,,
26202030,2023/09/03,10,0.003,0.008,0.011,0.019,,0.018,,,,0.020,9,,,,,
26202030,2023/09/03,11,0.002,0.004,0.009,0.013,,0.026,,,,0.016,8,,,,,
26202030,2023/09/03,12,0.005,0.004,0.011,0.015,,0.029,,,,0.019,11,,,,,
26202030,2023/09/03,13,0.004,0.001,0.005,0.006,,0.035,,,,0.013,7,,,,,
26202030,2023/09/03,14,0.002,0,0.002,0.002,,0.036,,,,0.009,6,,,,,
26202030,2023/09/03,15,0.003,0.001,0.001,0.002,,0.034,,,,0.009,8,,,,,
26202030,2023/09/03,16,0.002,0,0.001,0.001,,0.041,,,,0.009,8,,,,,
26202030,2023/09/03,17,0.001,0,0.001,0.001,,0.043,,,,0.010,8,,,,,
26202030,2023/09/03,18,0.001,0.001,0.001,0.002,,0.041,,,,0.009,8,,,,,
26202030,2023/09/03,19,0.001,0,0.001,0.001,,0.039,,,,0.012,7,,,,,
26202030,2023/09/03,20,0.001,0,0.001,0.001,,0.034,,,,0.015,8,,,,,
26202030,2023/09/03,21,0.001,0,0.002,0.002,,0.024,,,,0.012,5,,,,,
26202030,2023/09/03,22,0.001,0,0.002,0.002,,0.019,,,,0.015,6,,,,,
26202030,2023/09/03,23,0.001,0,0.002,0.002,,0.015,,,,0.014,5,,,,,
26202030,2023/09/03,24,0.001,0,0.003,0.003,,0.012,,,,0.013,5,,,,,
26202030,2023/09/04,01,0.001,0,0.003,0.003,,0.009,,,,0.017,5,,,,,
26202030,2023/09/04,02,0.001,0,0.003,0.003,,0.007,,,,0.014,5,,,,,
26202030,2023/09/04,03,0.001,0,0.004,0.004,,0.006,,,,0.014,4,,,,,
26202030,2023/09/04,04,0.001,0,0.004,0.004,,0.004,,,,0.017,6,,,,,
26202030,2023/09/04,05,0.001,0,0.005,0.005,,0.003,,,,0.016,5,,,,,
26202030,2023/09/04,06,0.001,0.001,0.004,0.005,,0.004,,,,0.018,5,,,,,
26202030,2023/09/04,07,0.001,0.001,0.003,0.004,,0.005,,,,0.019,6,,,,,
26202030,2023/09/04,08,0.002,0.002,0.005,0.007,,0.016,,,,0.020,5,,,,,
26202030,2023/09/04,09,0.003,0.002,0.007,0.009,,0.034,,,,0.019,6,,,,,
26202030,2023/09/04,10,0.003,0.001,0.005,0.006,,0.039,,,,0.025,10,,,,,
26202030,2023/09/04,11,0.002,0.001,0.005,0.006,,0.037,,,,0.018,8,,,,,
26202030,2023/09/04,12,0.001,-,-,-,,-,,,,0.022,11,,,,,
26202030,2023/09/04,13,0.002,0.001,0.004,0.005,,0.040,,,,0.024,10,,,,,
26202030,2023/09/04,14,0.003,0.001,0.005,0.006,,0.038,,,,0.026,12,,,,,
26202030,2023/09/04,15,0.003,0.001,0.005,0.006,,0.036,,,,0.027,13,,,,,
26202030,2023/09/04,16,0.003,0.002,0.007,0.009,,0.032,,,,0.031,13,,,,,
26202030,2023/09/04,17,0.003,0.001,0.006,0.007,,0.032,,,,0.034,15,,,,,
26202030,2023/09/04,18,0.001,0,0.008,0.008,,0.026,,,,0.031,11,,,,,
26202030,2023/09/04,19,0.001,0,0.004,0.004,,0.024,,,,0.032,10,,,,,
26202030,2023/09/04,20,0.001,0,0.003,0.003,,0.028,,,,0.022,7,,,,,
26202030,2023/09/04,21,0.001,0,0.002,0.002,,0.025,,,,0.023,7,,,,,
26202030,2023/09/04,22,0.001,0,0.003,0.003,,0.018,,,,0.019,6,,,,,
26202030,2023/09/04,23,0.001,0,0.003,0.003,,0.013,,,,0.015,4,,,,,
26202030,2023/09/04,24,0.001,0,0.004,0.004,,0.010,,,,0.018,5,,,,,
26202030,2023/09/05,01,0.001,0,0.006,0.006,,0.008,,,,0.017,5,,,,,
26202030,2023/09/05,02,0.001,0.001,0.006,0.007,,0.005,,,,0.021,6,,,,,
26202030,2023/09/05,03,0.001,0.001,0.005,0.006,,0.004,,,,0.020,5,,,,,
26202030,2023/09/05,04,0.001,0,0.005,0.005,,0.004,,,,0.019,5,,,,,
26202030,2023/09/05,05,0.001,0,0.004,0.004,,0.005,,,,0.025,7,,,,,
26202030,2023/09/05,06,0.001,0.001,0.004,0.005,,0.003,,,,0.027,7,,,,,
26202030,2023/09/05,07,0.001,0.002,0.005,0.007,,0.004,,,,0.026,6,,,,,
26202030,2023/09/05,08,0.001,0.003,0.005,0.008,,0.010,,,,0.021,5,,,,,
26202030,2023/09/05,09,0.002,0.017,0.012,0.029,,0.008,,,,0.015,6,,,,,
26202030,2023/09/05,10,0.002,0.007,0.008,0.015,,0.013,,,,0.014,6,,,,,
26202030,2023/09/05,11,0.001,0.001,0.002,0.003,,0.021,,,,0.010,3,,,,,
26202030,2023/09/05,12,0.001,0.001,0.002,0.003,,0.028,,,,0.011,5,,,,,
26202030,2023/09/05,13,0.001,0,0.001,0.001,,0.035,,,,0.009,4,,,,,
26202030,2023/09/05,14,0.001,0.001,0.002,0.003,,0.041,,,,0.007,4,,,,,
26202030,2023/09/05,15,0.001,0,0.001,0.001,,0.041,,,,0,1,,,,,
26202030,2023/09/05,16,0.001,0.001,0.002,0.003,,0.039,,,,0.007,6,,,,,
26202030,2023/09/05,17,0.001,0,0.001,0.001,,0.036,,,,0.009,7,,,,,
26202030,2023/09/05,18,0.001,0.001,0.001,0.002,,0.036,,,,0.015,8,,,,,
26202030,2023/09/05,19,0.001,0,0.001,0.001,,0.029,,,,0.016,7,,,,,
26202030,2023/09/05,20,0.001,0,0.002,0.002,,0.019,,,,0.013,5,,,,,
26202030,2023/09/05,21,0.001,0,0.003,0.003,,0.012,,,,0.016,5,,,,,
26202030,2023/09/05,22,0.001,0.001,0.003,0.004,,0.007,,,,0.016,5,,,,,
26202030,2023/09/05,23,0.001,0.001,0.004,0.005,,0.005,,,,0.020,6,,,,,
26202030,2023/09/05,24,0.001,0.001,0.004,0.005,,0.005,,,,0.015,5,,,,,
26202030,2023/09/06,01,0.001,0.001,0.005,0.006,,0.004,,,,0.013,3,,,,,
26202030,2023/09/06,02,0.001,0.001,0.005,0.006,,0.003,,,,0.013,3,,,,,
26202030,2023/09/06,03,0.001,0.001,0.005,0.006,,0.003,,,,0.015,3,,,,,
26202030,2023/09/06,04,0.001,0.001,0.005,0.006,,0.002,,,,0.015,3,,,,,
26202030,2023/09/06,05,0.001,0.001,0.004,0.005,,0.002,,,,0.014,3,,,,,
26202030,2023/09/06,06,0.001,0.001,0.004,0.005,,0.002,,,,0.014,3,,,,,
26202030,2023/09/06,07,0.001,0.002,0.003,0.005,,0.004,,,,0.015,3,,,,,
26202030,2023/09/06,08,0.002,0.003,0.005,0.008,,0.006,,,,0.021,6,,,,,
26202030,2023/09/06,09,0.006,0.006,0.008,0.014,,0.009,,,,0.030,10,,,,,
26202030,2023/09/06,10,0.004,0.003,0.006,0.009,,0.021,,,,0.025,9,,,,,
26202030,2023/09/06,11,0.004,0.002,0.004,0.006,,0.029,,,,0.014,7,,,,,
26202030,2023/09/06,12,0.004,0.002,0.007,0.009,,0.027,,,,0.011,6,,,,,
26202030,2023/09/06,13,0.001,0,0.001,0.001,,0.028,,,,0.005,2,,,,,
26202030,2023/09/06,14,0.001,0.001,0.001,0.002,,0.030,,,,0.008,1,,,,,
26202030,2023/09/06,15,0.001,0,0.001,0.001,,0.031,,,,0.007,2,,,,,
26202030,2023/09/06,16,0.003,0.002,0.005,0.007,,0.031,,,,0.014,5,,,,,
26202030,2023/09/06,17,0.005,0.002,0.005,0.007,,0.033,,,,0.009,5,,,,,
26202030,2023/09/06,18,0.005,0.002,0.007,0.009,,0.030,,,,0.013,8,,,,,
26202030,2023/09/06,19,0.004,0.001,0.005,0.006,,0.030,,,,0.012,4,,,,,
26202030,2023/09/06,20,0.001,0.001,0.005,0.006,,0.026,,,,0.013,4,,,,,
26202030,2023/09/06,21,0.002,0.001,0.007,0.008,,0.023,,,,0.009,3,,,,,
26202030,2023/09/06,22,0.001,0.001,0.004,0.005,,0.031,,,,0.010,3,,,,,
26202030,2023/09/06,23,0.001,0,0.002,0.002,,0.033,,,,0.013,4,,,,,
26202030,2023/09/06,24,0.001,0,0.005,0.005,,0.038,,,,0.012,4,,,,,
26202030,2023/09/07,01,0.001,0,0.005,0.005,,0.038,,,,0.011,3,,,,,
26202030,2023/09/07,02,0.001,0,0.006,0.006,,0.036,,,,0.011,4,,,,,
26202030,2023/09/07,03,0.001,0,0.006,0.006,,0.035,,,,0.015,5,,,,,
26202030,2023/09/07,04,0.002,0,0.006,0.006,,0.036,,,,0.012,4,,,,,
26202030,2023/09/07,05,0.002,0,0.006,0.006,,0.037,,,,0.010,2,,,,,
26202030,2023/09/07,06,0.002,0,0.007,0.007,,0.035,,,,0.015,6,,,,,
26202030,2023/09/07,07,0.001,0,0.002,0.002,,0.036,,,,0.017,6,,,,,
26202030,2023/09/07,08,0.001,0,0.001,0.001,,0.035,,,,0.016,4,,,,,
26202030,2023/09/07,09,0.001,0.001,0.002,0.003,,0.034,,,,0.016,4,,,,,
26202030,2023/09/07,10,0.001,0.001,0.003,0.004,,0.036,,,,0.019,7,,,,,
26202030,2023/09/07,11,0.001,0.001,0.002,0.003,,0.038,,,,0.014,6,,,,,
26202030,2023/09/07,12,0.001,0.001,0.003,0.004,,0.038,,,,0.017,9,,,,,
26202030,2023/09/07,13,0.001,0.001,0.003,0.004,,0.039,,,,0.021,8,,,,,
26202030,2023/09/07,14,0.002,0.001,0.005,0.006,,0.036,,,,0.023,9,,,,,
26202030,2023/09/07,15,0.002,0.001,0.005,0.006,,0.035,,,,0.025,9,,,,,
26202030,2023/09/07,16,0.002,0.001,0.008,0.009,,0.032,,,,0.024,8,,,,,
26202030,2023/09/07,17,0.002,0.001,0.006,0.007,,0.034,,,,0.026,7,,,,,
26202030,2023/09/07,18,0.001,0.002,0.004,0.006,,0.035,,,,0.022,7,,,,,
26202030,2023/09/07,19,0.001,0,0.006,0.006,,0.034,,,,0.027,9,,,,,
26202030,2023/09/07,20,0.002,0.001,0.006,0.007,,0.035,,,,0.022,6,,,,,
26202030,2023/09/07,21,0.002,0,0.007,0.007,,0.034,,,,0.026,9,,,,,
26202030,2023/09/07,22,0.001,0,0.005,0.005,,0.030,,,,0.025,8,,,,,
26202030,2023/09/07,23,0.001,0,0.003,0.003,,0.035,,,,0.027,6,,,,,
26202030,2023/09/07,24,0.001,0,0.003,0.003,,0.036,,,,0.027,7,,,,,
26202030,2023/09/08,01,-,-,-,-,,0.026,,,,0.027,8,,,,,
26202030,2023/09/08,02,0.001,0,0.002,0.002,,0.023,,,,0.024,7,,,,,
26202030,2023/09/08,03,0.001,0,0.002,0.002,,0.025,,,,0.016,4,,,,,
26202030,2023/09/08,04,0.001,0,0.003,0.003,,0.025,,,,0.013,3,,,,,
26202030,2023/09/08,05,0.001,0,0.003,0.003,,0.021,,,,0.016,4,,,,,
26202030,2023/09/08,06,0.001,0,0.002,0.002,,0.027,,,,0.019,4,,,,,
26202030,2023/09/08,07,0.001,0,0.002,0.002,,0.025,,,,0.025,6,,,,,
26202030,2023/09/08,08,0.001,0,0.003,0.003,,0.021,,,,0.023,5,,,,,
26202030,2023/09/08,09,0.001,0.001,0.006,0.007,,0.018,,,,0.022,5,,,,,
26202030,2023/09/08,10,0.001,0.003,0.006,0.009,,0.027,,,,0.019,3,,,,,
26202030,2023/09/08,11,0.001,0.001,0.005,0.006,,0.034,,,,0.016,5,,,,,
26202030,2023/09/08,12,0.003,0.001,0.009,0.010,,0.032,,,,0.024,7,,,,,
26202030,2023/09/08,13,0.004,0.001,0.004,0.005,,0.034,,,,0.026,7,,,,,
26202030,2023/09/08,14,0.001,0,0.004,0.004,,0.032,,,,0.020,5,,,,,
26202030,2023/09/08,15,0.001,0.001,0.005,0.006,,0.026,,,,0.026,6,,,,,
26202030,2023/09/08,16,0.001,0.001,0.003,0.004,,0.027,,,,0.021,6,,,,,
26202030,2023/09/08,17,0.001,0.001,0.003,0.004,,0.030,,,,0.017,4,,,,,
26202030,2023/09/08,18,0.001,0,0.004,0.004,,0.032,,,,0.016,7,,,,,
26202030,2023/09/08,19,0.001,0,0.003,0.003,,0.031,,,,0.024,8,,,,,
26202030,2023/09/08,20,0.001,0,0.002,0.002,,0.026,,,,0.021,7,,,,,
26202030,2023/09/08,21,0.001,0,0.002,0.002,,0.015,,,,0.023,6,,,,,
26202030,2023/09/08,22,0.001,0,0.002,0.002,,0.015,,,,0.024,6,,,,,
26202030,2023/09/08,23,0.001,0,0.001,0.001,,0.020,,,,0.018,5,,,,,
26202030,2023/09/08,24,0.001,0,0.001,0.001,,0.022,,,,0.019,5,,,,,
26202030,2023/09/09,01,0.001,0,0.001,0.001,,0.019,,,,0.019,5,,,,,
26202030,2023/09/09,02,0.001,0,0.001,0.001,,0.015,,,,0.024,6,,,,,
26202030,2023/09/09,03,0.001,0,0.002,0.002,,0.016,,,,0.017,4,,,,,
26202030,2023/09/09,04,0.001,0,0.004,0.004,,0.013,,,,0.023,6,,,,,
26202030,2023/09/09,05,0.001,0,0.003,0.003,,0.012,,,,0.023,6,,,,,
26202030,2023/09/09,06,0.001,0,0.002,0.002,,0.012,,,,0.022,5,,,,,
26202030,2023/09/09,07,0.001,0.005,0.002,0.007,,0.012,,,,0.022,4,,,,,
26202030,2023/09/09,08,0.001,0.001,0.002,0.003,,0.018,,,,0.017,4,,,,,
26202030,2023/09/09,09,0.001,0.001,0.002,0.003,,0.023,,,,0.009,3,,,,,
26202030,2023/09/09,10,0.001,0,0.001,0.001,,0.030,,,,0.014,6,,,,,
26202030,2023/09/09,11,0.001,0,0.001,0.001,,0.031,,,,0.015,8,,,,,
26202030,2023/09/09,12,0.001,0,0.001,0.001,,0.032,,,,0.010,6,,,,,
26202030,2023/09/09,13,0.001,0,0.001,0.001,,0.032,,,,0.010,7,,,,,
26202030,2023/09/09,14,0.001,0,0.001,0.001,,0.032,,,,0.015,8,,,,,
26202030,2023/09/09,15,0.001,0,0.001,0.001,,0.035,,,,0.012,7,,,,,
26202030,2023/09/09,16,0.001,0.001,0.001,0.002,,0.035,,,,0.008,5,,,,,
26202030,2023/09/09,17,0.001,0,0.001,0.001,,0.034,,,,0.007,4,,,,,
26202030,2023/09/09,18,0.001,0,0.001,0.001,,0.035,,,,0.009,4,,,,,
26202030,2023/09/09,19,0.001,0,0.001,0.001,,0.033,,,,0.011,5,,,,,
26202030,2023/09/09,20,0.001,0,0.002,0.002,,0.025,,,,0.015,6,,,,,
26202030,2023/09/09,21,0.001,0.001,0.004,0.005,,0.021,,,,0.013,4,,,,,
26202030,2023/09/09,22,0.001,0.003,0.007,0.010,,0.014,,,,0.013,5,,,,,
26202030,2023/09/09,23,0.001,0,0.003,0.003,,0.012,,,,0.017,5,,,,,
26202030,2023/09/09,24,0.001,0,0.004,0.004,,0.010,,,,0.019,6,,,,,
26202030,2023/09/10,01,0.001,0,0.004,0.004,,0.008,,,,0.016,5,,,,,
26202030,2023/09/10,02,0.001,0,0.003,0.003,,0.007,,,,0.018,5,,,,,
26202030,2023/09/10,03,0.001,0,0.003,0.003,,0.006,,,,0.019,4,,,,,
26202030,2023/09/10,04,0.001,0,0.002,0.002,,0.004,,,,0.018,4,,,,,
26202030,2023/09/10,05,0.001,0,0.003,0.003,,0.003,,,,0.020,5,,,,,
26202030,2023/09/10,06,0.001,0,0.002,0.002,,0.003,,,,0.021,5,,,,,
26202030,2023/09/10,07,0.001,0.001,0.003,0.004,,0.005,,,,0.032,7,,,,,
26202030,2023/09/10,08,0.001,0.002,0.002,0.004,,0.009,,,,0.017,3,,,,,
26202030,2023/09/10,09,0.001,0.002,0.003,0.005,,0.014,,,,0.008,0,,,,,
26202030,2023/09/10,10,0.001,0.002,0.004,0.006,,0.020,,,,0.013,4,,,,,
26202030,2023/09/10,11,0.001,0.001,0.004,0.005,,0.032,,,,0.016,7,,,,,
26202030,2023/09/10,12,0.001,0.001,0.003,0.004,,0.040,,,,0.018,12,,,,,
26202030,2023/09/10,13,0.001,0,0.002,0.002,,0.038,,,,0.016,11,,,,,
26202030,2023/09/10,14,0.001,0.001,0.001,0.002,,0.040,,,,0.010,8,,,,,
26202030,2023/09/10,15,0.001,0,0.001,0.001,,0.044,,,,0.015,9,,,,,
26202030,2023/09/10,16,0.001,0,0.001,0.001,,0.045,,,,0.010,7,,,,,
26202030,2023/09/10,17,0.001,0,0.001,0.001,,0.040,,,,0.014,7,,,,,
26202030,2023/09/10,18,0.001,0,0.001,0.001,,0.033,,,,0.005,4,,,,,
26202030,2023/09/10,19,0.001,0,0.001,0.001,,0.024,,,,0.010,3,,,,,
26202030,2023/09/10,20,0.001,0,0.001,0.001,,0.020,,,,0.015,4,,,,,
26202030,2023/09/10,21,0.001,0,0.002,0.002,,0.017,,,,0.014,3,,,,,
26202030,2023/09/10,22,0.001,0.001,0.003,0.004,,0.015,,,,0.014,4,,,,,
26202030,2023/09/10,23,0.001,0,0.004,0.004,,0.014,,,,0.016,4,,,,,
26202030,2023/09/10,24,0.001,0,0.003,0.003,,0.013,,,,0.014,4,,,,,
26202030,2023/09/11,01,0.001,0,0.003,0.003,,0.010,,,,0.017,4,,,,,
26202030,2023/09/11,02,0.001,0,0.002,0.002,,0.010,,,,0.022,5,,,,,
26202030,2023/09/11,03,0.001,0,0.003,0.003,,0.009,,,,0.020,5,,,,,
26202030,2023/09/11,04,0.001,0,0.004,0.004,,0.008,,,,0.021,5,,,,,
26202030,2023/09/11,05,0.001,0,0.003,0.003,,0.007,,,,0.022,6,,,,,
26202030,2023/09/11,06,0.001,0,0.004,0.004,,0.006,,,,0.019,4,,,,,
26202030,2023/09/11,07,0.001,0.001,0.003,0.004,,0.006,,,,0.019,4,,,,,
26202030,2023/09/11,08,0.001,0.002,0.003,0.005,,0.008,,,,0.024,6,,,,,
26202030,2023/09/11,09,0.003,0.007,0.005,0.012,,0.009,,,,0.018,3,,,,,
26202030,2023/09/11,10,0.002,0.003,0.004,0.007,,0.016,,,,0.011,3,,,,,
26202030,2023/09/11,11,0.001,0,0.001,0.001,,0.021,,,,0.010,4,,,,,
26202030,2023/09/11,12,-,-,-,-,,-,,,,-,-,,,,,
26202030,2023/09/11,13,0.001,0.001,0.002,0.003,,0.020,,,,0.014,9,,,,,
26202030,2023/09/11,14,0.001,0.001,0.002,0.003,,0.029,,,,0.011,8,,,,,
26202030,2023/09/11,15,0.001,0.001,0.002,0.003,,0.028,,,,0.014,11,,,,,
26202030,2023/09/11,16,0.001,0.001,0.003,0.004,,0.019,,,,0.018,12,,,,,
26202030,2023/09/11,17,0.001,0.001,0.003,0.004,,0.021,,,,0.020,10,,,,,
26202030,2023/09/11,18,0.001,0.001,0.002,0.003,,0.020,,,,0.015,8,,,,,
26202030,2023/09/11,19,0.001,0.001,0.003,0.004,,0.013,,,,0.017,9,,,,,
26202030,2023/09/11,20,0.001,0.001,0.004,0.005,,0.008,,,,0.022,9,,,,,
26202030,2023/09/11,21,0.001,0.001,0.005,0.006,,0.006,,,,0.023,8,,,,,
26202030,2023/09/11,22,0.001,0.001,0.004,0.005,,0.004,,,,0.023,7,,,,,
26202030,2023/09/11,23,0.001,0.001,0.005,0.006,,0.003,,,,0.027,8,,,,,
26202030,2023/09/11,24,0.001,0.003,0.007,0.010,,0.001,,,,0.029,9,,,,,
26202030,2023/09/12,01,0.001,0.005,0.008,0.013,,0.001,,,,0.029,8,,,,,
26202030,2023/09/12,02,0.001,0.006,0.007,0.013,,0.001,,,,0.031,9,,,,,
26202030,2023/09/12,03,0.001,0.006,0.006,0.012,,0.001,,,,0.029,8,,,,,
26202030,2023/09/12,04,0.001,0.005,0.005,0.010,,0.001,,,,0.028,7,,,,,
26202030,2023/09/12,05,0.001,0.005,0.005,0.010,,0.001,,,,0.028,7,,,,,
26202030,2023/09/12,06,0.001,0.004,0.004,0.008,,0.001,,,,0.029,8,,,,,
26202030,2023/09/12,07,0.001,0.004,0.002,0.006,,0.001,,,,0.033,8,,,,,
26202030,2023/09/12,08,0.001,0.007,0.003,0.010,,0.004,,,,0.030,8,,,,,
26202030,2023/09/12,09,0.001,0.002,0.002,0.004,,0.012,,,,0.015,3,,,,,
26202030,2023/09/12,10,0.001,0.001,0.002,0.003,,0.017,,,,0.016,7,,,,,
26202030,2023/09/12,11,0.001,0.001,0.002,0.003,,0.026,,,,0.009,7,,,,,
26202030,2023/09/12,12,0.001,0.001,0.002,0.003,,0.030,,,,0.009,6,,,,,
26202030,2023/09/12,13,0.001,0.001,0.002,0.003,,0.029,,,,0.011,8,,,,,
26202030,2023/09/12,14,0.001,0.001,0.002,0.003,,0.028,,,,0.007,4,,,,,
26202030,2023/09/12,15,0.001,0.001,0.002,0.003,,0.030,,,,0.007,6,,,,,
26202030,2023/09/12,16,0.001,0,0.001,0.001,,0.034,,,,0.012,7,,,,,
26202030,2023/09/12,17,0.001,0,0.001,0.001,,0.037,,,,0.009,6,,,,,
26202030,2023/09/12,18,0.001,0.001,0.002,0.003,,0.034,,,,0.010,6,,,,,
26202030,2023/09/12,19,0.001,0,0.004,0.004,,0.030,,,,0.015,5,,,,,
26202030,2023/09/12,20,0.001,0,0.004,0.004,,0.025,,,,0.013,4,,,,,
26202030,2023/09/12,21,0.001,0,0.005,0.005,,0.019,,,,0.014,4,,,,,
26202030,2023/09/12,22,0.001,0,0.005,0.005,,0.014,,,,0.013,3,,,,,
26202030,2023/09/12,23,0.001,0,0.005,0.005,,0.011,,,,0.013,3,,,,,
26202030,2023/09/12,24,0.001,0,0.004,0.004,,0.011,,,,0.013,3,,,,,
26202030,2023/09/13,01,0.001,0,0.005,0.005,,0.009,,,,0.015,3,,,,,
26202030,2023/09/13,02,0.001,0,0.004,0.004,,0.008,,,,0.014,3,,,,,
26202030,2023/09/13,03,0.001,0,0.004,0.004,,0.007,,,,0.014,3,,,,,
26202030,2023/09/13,04,0.001,0,0.004,0.004,,0.006,,,,0.013,2,,,,,
26202030,2023/09/13,05,0.001,0,0.005,0.005,,0.006,,,,0.013,2,,,,,
26202030,2023/09/13,06,0.001,0,0.004,0.004,,0.008,,,,0.010,2,,,,,
26202030,2023/09/13,07,0.001,0.001,0.003,0.004,,0.007,,,,0.012,3,,,,,
26202030,2023/09/13,08,0.001,0.001,0.002,0.003,,0.008,,,,0.011,2,,,,,
26202030,2023/09/13,09,0.001,0.003,0.002,0.005,,0.009,,,,0.010,1,,,,,
26202030,2023/09/13,10,0.001,0.010,0.008,0.018,,0.011,,,,0.012,3,,,,,
26202030,2023/09/13,11,0.001,0.002,0.004,0.006,,0.025,,,,0.016,7,,,,,
26202030,2023/09/13,12,0.001,0.001,0.002,0.003,,0.031,,,,0.016,8,,,,,
26202030,2023/09/13,13,0.001,0.001,0.002,0.003,,0.032,,,,0.014,8,,,,,
26202030,2023/09/13,14,0.001,0.001,0.002,0.003,,0.032,,,,0.010,7,,,,,
26202030,2023/09/13,15,0.001,0.001,0.002,0.003,,0.029,,,,0.013,7,,,,,
26202030,2023/09/13,16,0.001,0.001,0.002,0.003,,0.026,,,,0.012,6,,,,,
26202030,2023/09/13,17,0.001,0.001,0.002,0.003,,0.026,,,,0.008,5,,,,,
26202030,2023/09/13,18,0.001,0,0.002,0.002,,0.029,,,,0.006,5,,,,,
26202030,2023/09/13,19,0.001,0,0.003,0.003,,0.019,,,,0.015,7,,,,,
26202030,2023/09/13,20,0.001,0,0.004,0.004,,0.017,,,,0.016,6,,,,,
26202030,2023/09/13,21,0.001,0.001,0.005,0.006,,0.013,,,,0.019,6,,,,,
26202030,2023/09/13,22,0.001,0.002,0.006,0.008,,0.011,,,,0.020,6,,,,,
26202030,2023/09/13,23,0.001,0,0.004,0.004,,0.012,,,,0.024,6,,,,,
26202030,2023/09/13,24,0.001,0,0.004,0.004,,0.013,,,,0.021,6,,,,,
26202030,2023/09/14,01,0.001,0,0.005,0.005,,0.011,,,,0.020,5,,,,,
26202030,2023/09/14,02,0.001,0,0.004,0.004,,0.012,,,,0.022,6,,,,,
26202030,2023/09/14,03,0.001,0,0.004,0.004,,0.012,,,,0.020,5,,,,,
26202030,2023/09/14,04,0.001,0,0.004,0.004,,0.012,,,,0.022,6,,,,,
26202030,2023/09/14,05,0.001,0,0.005,0.005,,0.010,,,,0.024,6,,,,,
26202030,2023/09/14,06,0.001,0,0.004,0.004,,0.009,,,,0.024,6,,,,,
26202030,2023/09/14,07,0.001,0.001,0.004,0.005,,0.009,,,,0.023,5,,,,,
26202030,2023/09/14,08,0.001,0.001,0.005,0.006,,0.013,,,,0.016,4,,,,,
26202030,2023/09/14,09,0.001,0.002,0.005,0.007,,0.021,,,,0.016,5,,,,,
26202030,2023/09/14,10,0.001,0.002,0.003,0.005,,0.025,,,,0.015,6,,,,,
26202030,2023/09/14,11,0.001,0.001,0.002,0.003,,0.027,,,,0.012,6,,,,,
26202030,2023/09/14,12,0.001,0.001,0.002,0.003,,0.027,,,,0.017,9,,,,,
26202030,2023/09/14,13,0.001,0.001,0.002,0.003,,0.031,,,,0.013,6,,,,,
26202030,2023/09/14,14,0.001,0,0.002,0.002,,0.031,,,,0.007,5,,,,,
26202030,2023/09/14,15,0.001,0,0.001,0.001,,0.029,,,,0.005,4,,,,,
26202030,2023/09/14,16,0.001,0,0.001,0.001,,0.029,,,,0.005,4,,,,,
26202030,2023/09/14,17,0.001,0,0.002,0.002,,0.027,,,,0.010,6,,,,,
26202030,2023/09/14,18,0.001,0,0.002,0.002,,0.022,,,,0.010,6,,,,,
26202030,2023/09/14,19,0.001,0,0.004,0.004,,0.012,,,,0.014,6,,,,,
26202030,2023/09/14,20,0.001,0,0.005,0.005,,0.009,,,,0.017,6,,,,,
26202030,2023/09/14,21,0.001,0.001,0.004,0.005,,0.008,,,,0.018,6,,,,,
26202030,2023/09/14,22,0.001,0.001,0.005,0.006,,0.006,,,,0.021,6,,,,,
26202030,2023/09/14,23,0.001,0.001,0.006,0.007,,0.004,,,,0.021,6,,,,,
26202030,2023/09/14,24,0.001,0.001,0.006,0.007,,0.003,,,,0.022,6,,,,,
26202030,2023/09/15,01,0.001,0,0.002,0.002,,0.018,,,,0.019,6,,,,,
26202030,2023/09/15,02,0.001,0,0.001,0.001,,0.025,,,,0.010,3,,,,,
26202030,2023/09/15,03,0.001,0,0.002,0.002,,0.021,,,,0.013,4,,,,,
26202030,2023/09/15,04,0.002,0,0.002,0.002,,0.018,,,,0.012,3,,,,,
26202030,2023/09/15,05,0.001,0,0.002,0.002,,0.021,,,,0.009,3,,,,,
26202030,2023/09/15,06,0.001,0,0.001,0.001,,0.016,,,,0.012,3,,,,,
26202030,2023/09/15,07,0.001,0,0.001,0.001,,0.015,,,,0.014,3,,,,,
26202030,2023/09/15,08,0.001,0.001,0.002,0.003,,0.017,,,,0.011,2,,,,,
26202030,2023/09/15,09,0.004,0.003,0.004,0.007,,0.022,,,,0.020,6,,,,,
26202030,2023/09/15,10,0.030,0.006,0.009,0.015,,0.025,,,,0.039,20,,,,,
26202030,2023/09/15,11,0.011,0.003,0.006,0.009,,0.026,,,,0.023,11,,,,,
26202030,2023/09/15,12,0.007,0.002,0.007,0.009,,0.027,,,,0.018,10,,,,,
26202030,2023/09/15,13,0.007,0.002,0.005,0.007,,0.028,,,,0.023,12,,,,,
26202030,2023/09/15,14,0.007,0.001,0.005,0.006,,0.034,,,,0.022,12,,,,,
26202030,2023/09/15,15,0.004,0.001,0.004,0.005,,0.036,,,,0.014,8,,,,,
26202030,2023/09/15,16,0.002,0.002,0.008,0.010,,0.031,,,,0.009,6,,,,,
26202030,2023/09/15,17,0.002,0.001,0.003,0.004,,0.031,,,,0.004,2,,,,,
26202030,2023/09/15,18,0.001,0.001,0.001,0.002,,0.031,,,,0.004,3,,,,,
26202030,2023/09/15,19,0.001,0,0.001,0.001,,0.030,,,,0.009,5,,,,,
26202030,2023/09/15,20,0.001,0,0.002,0.002,,0.019,,,,0.013,5,,,,,
26202030,2023/09/15,21,0.001,0.001,0.002,0.003,,0.012,,,,0.015,5,,,,,
26202030,2023/09/15,22,0.001,0.001,0.003,0.004,,0.009,,,,0.016,4,,,,,
26202030,2023/09/15,23,0.001,0.001,0.003,0.004,,0.003,,,,0.017,4,,,,,
26202030,2023/09/15,24,0.001,0.001,0.003,0.004,,0.002,,,,0.020,5,,,,,
26202030,2023/09/16,01,0.001,0.001,0.003,0.004,,0.001,,,,0.021,4,,,,,
26202030,2023/09/16,02,0.001,0.001,0.003,0.004,,0.001,,,,0.022,4,,,,,
26202030,2023/09/16,03,0.001,0.002,0.002,0.004,,0.001,,,,0.020,4,,,,,
26202030,2023/09/16,04,0.001,0.003,0.003,0.006,,0.001,,,,0.023,5,,,,,
26202030,2023/09/16,05,0.001,0.005,0.003,0.008,,0.001,,,,0.026,5,,,,,
26202030,2023/09/16,06,0.001,0.004,0.003,0.007,,0.001,,,,0.027,6,,,,,
26202030,2023/09/16,07,0.001,0.005,0.002,0.007,,0.002,,,,0.031,7,,,,,
26202030,2023/09/16,08,0.004,0.004,0.004,0.008,,0.007,,,,0.037,11,,,,,
26202030,2023/09/16,09,0.004,0.003,0.005,0.008,,0.014,,,,0.025,9,,,,,
26202030,2023/09/16,10,0.002,0.003,0.006,0.009,,0.021,,,,0.019,10,,,,,
26202030,2023/09/16,11,0.001,0.002,0.005,0.007,,0.032,,,,0.021,11,,,,,
26202030,2023/09/16,12,0.002,0.001,0.005,0.006,,0.044,,,,0.020,13,,,,,
26202030,2023/09/16,13,0.002,0.001,0.003,0.004,,0.047,,,,0.024,16,,,,,
26202030,2023/09/16,14,0.002,0.001,0.002,0.003,,0.047,,,,0.016,12,,,,,
26202030,2023/09/16,15,0.002,0.001,0.003,0.004,,0.049,,,,0.018,14,,,,,
26202030,2023/09/16,16,0.001,0.001,0.001,0.002,,0.043,,,,0.025,15,,,,,
26202030,2023/09/16,17,0.001,0.001,0.002,0.003,,0.038,,,,0.020,13,,,,,
26202030,2023/09/16,18,0.001,0.001,0.002,0.003,,0.034,,,,0.025,16,,,,,
26202030,2023/09/16,19,0.001,0.001,0.001,0.002,,0.034,,,,0.029,16,,,,,
26202030,2023/09/16,20,0.001,0,0.001,0.001,,0.027,,,,0.032,16,,,,,
26202030,2023/09/16,21,0.001,0,0.002,0.002,,0.019,,,,0.031,13,,,,,
26202030,2023/09/16,22,0.001,0.001,0.002,0.003,,0.014,,,,0.034,14,,,,,
26202030,2023/09/16,23,0.001,0,0.002,0.002,,0.013,,,,0.034,13,,,,,
26202030,2023/09/16,24,0.001,0,0.002,0.002,,0.010,,,,0.034,12,,,,,
26202030,2023/09/17,01,0.001,0.001,0.002,0.003,,0.008,,,,0.037,12,,,,,
26202030,2023/09/17,02,0.001,0,0.002,0.002,,0.006,,,,0.036,12,,,,,
26202030,2023/09/17,03,0.001,0,0.002,0.002,,0.005,,,,0.036,11,,,,,
26202030,2023/09/17,04,0.001,0.001,0.002,0.003,,0.004,,,,0.036,12,,,,,
26202030,2023/09/17,05,0.001,0.001,0.002,0.003,,0.003,,,,0.038,11,,,,,
26202030,2023/09/17,06,0.001,0.001,0.002,0.003,,0.003,,,,0.033,10,,,,,
26202030,2023/09/17,07,0.001,0.001,0.001,0.002,,0.003,,,,0.037,10,,,,,
26202030,2023/09/17,08,0.001,0.002,0.002,0.004,,0.007,,,,0.029,8,,,,,
26202030,2023/09/17,09,0.001,0.001,0.002,0.003,,0.016,,,,0.017,6,,,,,
26202030,2023/09/17,10,0.001,0.001,0.002,0.003,,0.023,,,,0.021,11,,,,,
26202030,2023/09/17,11,0.001,0.001,0.001,0.002,,0.026,,,,0.023,13,,,,,
26202030,2023/09/17,12,0.001,0.001,0.001,0.002,,0.028,,,,0.019,13,,,,,
26202030,2023/09/17,13,0.001,0,0.001,0.001,,0.027,,,,0.012,8,,,,,
26202030,2023/09/17,14,0.001,0,0.001,0.001,,0.023,,,,0.011,7,,,,,
26202030,2023/09/17,15,0.001,0.001,0.001,0.002,,0.022,,,,0.008,5,,,,,
26202030,2023/09/17,16,0.001,0,0,0,,0.023,,,,0.002,2,,,,,
26202030,2023/09/17,17,0.001,0,0.001,0.001,,0.022,,,,0.003,3,,,,,
26202030,2023/09/17,18,0.001,0,0.001,0.001,,0.020,,,,0,1,,,,,
26202030,2023/09/17,19,0.001,0,0.002,0.002,,0.014,,,,0.004,4,,,,,
26202030,2023/09/17,20,0.001,0.001,0.002,0.003,,0.012,,,,0.009,5,,,,,
26202030,2023/09/17,21,0.001,0.001,0.002,0.003,,0.010,,,,0.010,5,,,,,
26202030,2023/09/17,22,0.001,0.001,0.004,0.005,,0.008,,,,0.011,4,,,,,
26202030,2023/09/17,23,0.001,0.001,0.006,0.007,,0.006,,,,0.009,3,,,,,
26202030,2023/09/17,24,0.001,0.001,0.005,0.006,,0.005,,,,0.010,4,,,,,
26202030,2023/09/18,01,0.001,0.001,0.004,0.005,,0.005,,,,0.011,4,,,,,
26202030,2023/09/18,02,0.001,0.001,0.003,0.004,,0.005,,,,0.011,3,,,,,
26202030,2023/09/18,03,0.001,0.001,0.003,0.004,,0.004,,,,0.011,4,,,,,
26202030,2023/09/18,04,0.001,0.001,0.004,0.005,,0.003,,,,0.013,4,,,,,
26202030,2023/09/18,05,0.001,0.001,0.004,0.005,,0.003,,,,0.013,4,,,,,
26202030,2023/09/18,06,0.001,0.001,0.004,0.005,,0.002,,,,0.012,3,,,,,
26202030,2023/09/18,07,0.001,0.004,0.004,0.008,,0.002,,,,0.015,4,,,,,
26202030,2023/09/18,08,0.003,0.007,0.004,0.011,,0.004,,,,0.024,6,,,,,
26202030,2023/09/18,09,0.005,0.007,0.005,0.012,,0.010,,,,0.020,6,,,,,
26202030,2023/09/18,10,0.002,0.002,0.002,0.004,,0.017,,,,0.017,7,,,,,
26202030,2023/09/18,11,0.001,0.001,0.002,0.003,,0.020,,,,0.013,8,,,,,
26202030,2023/09/18,12,0.001,0.001,0.001,0.002,,0.022,,,,0.014,9,,,,,
26202030,2023/09/18,13,0.001,0.001,0.001,0.002,,0.026,,,,0.012,8,,,,,
26202030,2023/09/18,14,0.001,0.001,0.001,0.002,,0.026,,,,0.010,7,,,,,
26202030,2023/09/18,15,0.001,0.001,0.001,0.002,,0.024,,,,0,4,,,,,
26202030,2023/09/18,16,0.002,0.001,0.003,0.004,,0.024,,,,0.006,6,,,,,
26202030,2023/09/18,17,0.001,0.001,0.008,0.009,,0.022,,,,0.021,9,,,,,
26202030,2023/09/18,18,0.001,0.001,0.006,0.007,,0.021,,,,0.012,4,,,,,
26202030,2023/09/18,19,0.001,0.001,0.003,0.004,,0.022,,,,0.011,4,,,,,
26202030,2023/09/18,20,0.001,0,0.002,0.002,,0.020,,,,0.013,4,,,,,
26202030,2023/09/18,21,0.001,0,0.002,0.002,,0.011,,,,0.014,4,,,,,
26202030,2023/09/18,22,0.001,0,0.002,0.002,,0.009,,,,0.012,3,,,,,
26202030,2023/09/18,23,0.001,0,0.003,0.003,,0.007,,,,0.017,4,,,,,
26202030,2023/09/18,24,0.001,0.001,0.003,0.004,,0.005,,,,0.017,3,,,,,
26202030,2023/09/19,01,0.001,0,0.003,0.003,,0.004,,,,0.016,3,,,,,
26202030,2023/09/19,02,0.001,0.001,0.005,0.006,,0.002,,,,0.020,4,,,,,
26202030,2023/09/19,03,0.001,0.002,0.006,0.008,,0.001,,,,0.024,5,,,,,
26202030,2023/09/19,04,0.001,0.002,0.006,0.008,,0.001,,,,0.022,5,,,,,
26202030,2023/09/19,05,0.001,0.001,0.005,0.006,,0.001,,,,0.027,6,,,,,
26202030,2023/09/19,06,0.001,0.002,0.005,0.007,,0.001,,,,0.027,7,,,,,
26202030,2023/09/19,07,0.001,0.004,0.003,0.007,,0.002,,,,0.033,8,,,,,
26202030,2023/09/19,08,0.008,0.009,0.005,0.014,,0.005,,,,0.071,22,,,,,
26202030,2023/09/19,09,0.008,0.008,0.006,0.014,,0.010,,,,0.038,15,,,,,
26202030,2023/09/19,10,0.003,0.002,0.002,0.004,,0.018,,,,0.021,11,,,,,
26202030,2023/09/19,11,0.002,0.001,0.002,0.003,,0.023,,,,0.021,13,,,,,
26202030,2023/09/19,12,0.002,0.001,0.002,0.003,,0.026,,,,0.018,12,,,,,
26202030,2023/09/19,13,0.001,-,-,-,,-,,,,0.016,12,,,,,
26202030,2023/09/19,14,0.002,0.001,0.002,0.003,,0.031,,,,0.018,14,,,,,
26202030,2023/09/19,15,0.002,0.001,0.003,0.004,,0.024,,,,0.009,8,,,,,
26202030,2023/09/19,16,0.002,0.001,0.002,0.003,,0.020,,,,0.022,12,,,,,
26202030,2023/09/19,17,0.005,0.001,0.004,0.005,,0.017,,,,0.039,17,,,,,
26202030,2023/09/19,18,0.003,0.001,0.005,0.006,,0.013,,,,0.038,15,,,,,
26202030,2023/09/19,19,0.001,0.001,0.004,0.005,,0.012,,,,0.028,11,,,,,
26202030,2023/09/19,20,0.001,0.001,0.003,0.004,,0.009,,,,0.028,9,,,,,
26202030,2023/09/19,21,0.001,0.001,0.003,0.004,,0.006,,,,0.031,10,,,,,
26202030,2023/09/19,22,0.001,0.001,0.003,0.004,,0.005,,,,0.033,10,,,,,
26202030,2023/09/19,23,0.001,0.001,0.004,0.005,,0.007,,,,0.027,8,,,,,
26202030,2023/09/19,24,0.001,0,0.002,0.002,,0.024,,,,0.011,3,,,,,
26202030,2023/09/20,01,0.001,0,0.001,0.001,,0.022,,,,0.010,2,,,,,
26202030,2023/09/20,02,0.001,0,0.002,0.002,,0.018,,,,0.009,2,,,,,
26202030,2023/09/20,03,0.001,0,0.003,0.003,,0.013,,,,0.013,2,,,,,
26202030,2023/09/20,04,0.001,0,0.004,0.004,,0.009,,,,0.013,2,,,,,
26202030,2023/09/20,05,0.001,0,0.004,0.004,,0.006,,,,0.016,3,,,,,
26202030,2023/09/20,06,0.001,0.001,0.005,0.006,,0.005,,,,0.013,3,,,,,
26202030,2023/09/20,07,0.001,0.002,0.004,0.006,,0.004,,,,0.027,6,,,,,
26202030,2023/09/20,08,0.004,0.005,0.007,0.012,,0.007,,,,0.035,9,,,,,
26202030,2023/09/20,09,0.007,0.008,0.012,0.020,,0.008,,,,0.044,15,,,,,
26202030,2023/09/20,10,0.004,0.009,0.011,0.020,,0.009,,,,0.039,15,,,,,
26202030,2023/09/20,11,0.003,0.005,0.007,0.012,,0.014,,,,0.034,14,,,,,
26202030,2023/09/20,12,0.002,0.001,0.005,0.006,,0.035,,,,0.022,14,,,,,
26202030,2023/09/20,13,0.002,0.001,0.004,0.005,,0.030,,,,0.024,15,,,,,
26202030,2023/09/20,14,0.008,0.001,0.005,0.006,,0.030,,,,0.037,16,,,,,
26202030,2023/09/20,15,0.009,0.001,0.005,0.006,,0.036,,,,0.035,16,,,,,
26202030,2023/09/20,16,0.013,0.002,0.008,0.010,,0.034,,,,0.034,18,,,,,
26202030,2023/09/20,17,0.004,0.001,0.004,0.005,,0.035,,,,0.021,12,,,,,
26202030,2023/09/20,18,0.002,0,0.004,0.004,,0.038,,,,0.024,10,,,,,
26202030,2023/09/20,19,0.001,0.001,0.003,0.004,,0.029,,,,0.026,8,,,,,
26202030,2023/09/20,20,0.001,0,0.003,0.003,,0.024,,,,0.023,7,,,,,
26202030,2023/09/20,21,0.001,0.001,0.003,0.004,,0.019,,,,0.027,8,,,,,
26202030,2023/09/20,22,0.001,0.002,0.004,0.006,,0.014,,,,0.024,6,,,,,
26202030,2023/09/20,23,0.001,0.001,0.004,0.005,,0.013,,,,0.031,9,,,,,
26202030,2023/09/20,24,0.002,0.001,0.007,0.008,,0.009,,,,0.034,10,,,,,
26202030,2023/09/21,01,-,-,-,-,,0.006,,,,0.036,11,,,,,
26202030,2023/09/21,02,0.004,0.004,0.013,0.017,,0.004,,,,0.044,13,,,,,
26202030,2023/09/21,03,0.002,0,0.003,0.003,,0.009,,,,0.021,7,,,,,
26202030,2023/09/21,04,0.001,0,0.002,0.002,,0.009,,,,0.018,6,,,,,
26202030,2023/09/21,05,0.001,0,0.002,0.002,,0.009,,,,0.017,6,,,,,
26202030,2023/09/21,06,0.001,0,0.002,0.002,,0.009,,,,0.014,5,,,,,
26202030,2023/09/21,07,0.001,0,0.002,0.002,,0.010,,,,0.011,5,,,,,
26202030,2023/09/21,08,0.001,0.001,0.002,0.003,,0.010,,,,0.011,4,,,,,
26202030,2023/09/21,09,0.001,0.001,0.002,0.003,,0.009,,,,0.011,4,,,,,
26202030,2023/09/21,10,0.001,0.001,0.002,0.003,,0.008,,,,0.010,4,,,,,
26202030,2023/09/21,11,0.001,0.001,0.001,0.002,,0.009,,,,0.009,4,,,,,
26202030,2023/09/21,12,0.001,0.001,0.001,0.002,,0.010,,,,0.008,2,,,,,
26202030,2023/09/21,13,0.001,0.001,0.001,0.002,,0.011,,,,0.009,3,,,,,
26202030,2023/09/21,14,0.001,0.001,0.001,0.002,,0.014,,,,0.009,3,,,,,
26202030,2023/09/21,15,0.001,0.001,0.001,0.002,,0.015,,,,0.007,3,,,,,
26202030,2023/09/21,16,0.001,0.001,0.001,0.002,,0.015,,,,0.012,6,,,,,
26202030,2023/09/21,17,0.001,0.001,0.003,0.004,,0.018,,,,0.012,6,,,,,
26202030,2023/09/21,18,0.001,0,0.003,0.003,,0.032,,,,0.004,2,,,,,
26202030,2023/09/21,19,0.001,0,0.002,0.002,,0.034,,,,0.004,1,,,,,
26202030,2023/09/21,20,0.001,0,0.003,0.003,,0.029,,,,0.013,4,,,,,
26202030,2023/09/21,21,0.002,0.001,0.011,0.012,,0.028,,,,0.014,3,,,,,
26202030,2023/09/21,22,0.004,0,0.011,0.011,,0.026,,,,0.025,7,,,,,
26202030,2023/09/21,23,0.002,0,0.007,0.007,,0.023,,,,0.016,4,,,,,
26202030,2023/09/21,24,0.002,0,0.006,0.006,,0.026,,,,0.017,5,,,,,
26202030,2023/09/22,01,0.001,0,0.005,0.005,,0.028,,,,0.014,4,,,,,
26202030,2023/09/22,02,0.008,0,0.010,0.010,,0.027,,,,0.027,8,,,,,
26202030,2023/09/22,03,0.010,0,0.010,0.010,,0.024,,,,0.046,14,,,,,
26202030,2023/09/22,04,0.003,0,0.003,0.003,,0.030,,,,0.014,3,,,,,
26202030,2023/09/22,05,0.001,0,0.001,0.001,,0.027,,,,0.011,2,,,,,
26202030,2023/09/22,06,0.002,0,0.002,0.002,,0.026,,,,0.015,4,,,,,
26202030,2023/09/22,07,0.009,0,0.009,0.009,,0.029,,,,0.035,11,,,,,
26202030,2023/09/22,08,0.005,0,0.006,0.006,,0.033,,,,0.018,6,,,,,
26202030,2023/09/22,09,0.002,0.001,0.004,0.005,,0.039,,,,0.004,0,,,,,
26202030,2023/09/22,10,0.001,0,0.002,0.002,,0.043,,,,0.006,1,,,,,
26202030,2023/09/22,11,0.008,0.001,0.009,0.010,,0.039,,,,0.021,9,,,,,
26202030,2023/09/22,12,0.004,0.001,0.004,0.005,,0.043,,,,0.012,4,,,,,
26202030,2023/09/22,13,0.004,0.001,0.006,0.007,,0.043,,,,0.010,4,,,,,
26202030,2023/09/22,14,0.011,0,0.005,0.005,,0.044,,,,0.013,7,,,,,
26202030,2023/09/22,15,0.004,0.001,0.011,0.012,,0.038,,,,0.007,2,,,,,
26202030,2023/09/22,16,0.001,0.001,0.005,0.006,,0.036,,,,0.008,2,,,,,
26202030,2023/09/22,17,0.001,0,0.003,0.003,,0.033,,,,0.009,2,,,,,
26202030,2023/09/22,18,0.001,0,0.003,0.003,,0.028,,,,0.008,2,,,,,
26202030,2023/09/22,19,0.001,0,0.002,0.002,,0.023,,,,0.011,2,,,,,
26202030,2023/09/22,20,0.001,0,0.002,0.002,,0.020,,,,0.011,2,,,,,
26202030,2023/09/22,21,0.001,0,0.002,0.002,,0.016,,,,0.013,3,,,,,
26202030,2023/09/22,22,0.001,0,0.002,0.002,,0.017,,,,0.013,3,,,,,
26202030,2023/09/22,23,0.001,0,0.002,0.002,,0.013,,,,0.017,3,,,,,
26202030,2023/09/22,24,0.001,0,0.002,0.002,,0.013,,,,0.014,2,,,,,
26202030,2023/09/23,01,0.001,0,0.002,0.002,,0.011,,,,0.014,3,,,,,
26202030,2023/09/23,02,0.001,0,0.002,0.002,,0.010,,,,0.016,3,,,,,
26202030,2023/09/23,03,0.001,0,0.002,0.002,,0.010,,,,0.015,2,,,,,
26202030,2023/09/23,04,0.001,0,0.003,0.003,,0.011,,,,0.016,3,,,,,
26202030,2023/09/23,05,0.001,0,0.004,0.004,,0.011,,,,0.018,4,,,,,
26202030,2023/09/23,06,0.001,0,0.003,0.003,,0.014,,,,0.016,4,,,,,
26202030,2023/09/23,07,0.001,0.001,0.002,0.003,,0.016,,,,0.013,3,,,,,
26202030,2023/09/23,08,0.001,0,0.002,0.002,,0.016,,,,0.011,2,,,,,
26202030,2023/09/23,09,0.001,0.001,0.003,0.004,,0.029,,,,0.006,-2,,,,,
26202030,2023/09/23,10,0.001,0.001,0.004,0.005,,0.040,,,,0.004,-2,,,,,
26202030,2023/09/23,11,0.002,0.001,0.004,0.005,,0.041,,,,0.002,0,,,,,
26202030,2023/09/23,12,0.002,0.001,0.002,0.003,,0.043,,,,0.008,4,,,,,
26202030,2023/09/23,13,0.002,0,0.002,0.002,,0.045,,,,0.003,1,,,,,
26202030,2023/09/23,14,0.003,0.001,0.002,0.003,,0.047,,,,0.004,2,,,,,
26202030,2023/09/23,15,0.002,0,0.002,0.002,,0.046,,,,0.003,2,,,,,
26202030,2023/09/23,16,0.002,0.001,0.003,0.004,,0.047,,,,0.006,3,,,,,
26202030,2023/09/23,17,0.003,0.001,0.003,0.004,,0.046,,,,0.002,1,,,,,
26202030,2023/09/23,18,0.002,0.001,0.003,0.004,,0.045,,,,0.002,2,,,,,
26202030,2023/09/23,19,0.001,0,0.006,0.006,,0.037,,,,0.007,5,,,,,
26202030,2023/09/23,20,0.001,0,0.004,0.004,,0.032,,,,0.008,3,,,,,
26202030,2023/09/23,21,0.001,0,0.004,0.004,,0.041,,,,0.012,4,,,,,
26202030,2023/09/23,22,0.001,0,0.001,0.001,,0.045,,,,0.010,4,,,,,
26202030,2023/09/23,23,0.001,0,0.001,0.001,,0.047,,,,0.005,1,,,,,
26202030,2023/09/23,24,0.001,0,0.001,0.001,,0.047,,,,0.007,3,,,,,
26202030,2023/09/24,01,0.001,0,0.001,0.001,,0.046,,,,0.006,2,,,,,
26202030,2023/09/24,02,0.001,0,0.001,0.001,,0.046,,,,0.009,4,,,,,
26202030,2023/09/24,03,0.001,0,0.001,0.001,,0.048,,,,0.012,6,,,,,
26202030,2023/09/24,04,0.001,0,0.001,0.001,,0.047,,,,0.012,7,,,,,
26202030,2023/09/24,05,0.001,0,0.001,0.001,,0.047,,,,0.013,5,,,,,
26202030,2023/09/24,06,0.001,0,0.001,0.001,,0.045,,,,0.013,5,,,,,
26202030,2023/09/24,07,0.001,0,0.002,0.002,,0.043,,,,0.015,6,,,,,
26202030,2023/09/24,08,0.001,0,0.001,0.001,,0.045,,,,0.015,6,,,,,
26202030,2023/09/24,09,0.001,0.001,0.001,0.002,,0.045,,,,0.016,7,,,,,
26202030,2023/09/24,10,0.001,0,0.001,0.001,,0.045,,,,0.014,7,,,,,
26202030,2023/09/24,11,0.001,0.001,0.002,0.003,,0.045,,,,0.011,5,,,,,
26202030,2023/09/24,12,0.001,0,0.001,0.001,,0.047,,,,0.015,7,,,,,
26202030,2023/09/24,13,0.001,0.001,0.003,0.004,,0.045,,,,0.015,7,,,,,
26202030,2023/09/24,14,0.002,0,0.001,0.001,,0.048,,,,0.014,8,,,,,
26202030,2023/09/24,15,0.002,0,0.001,0.001,,0.047,,,,0.014,7,,,,,
26202030,2023/09/24,16,0.003,0.001,0.002,0.003,,0.047,,,,0.010,7,,,,,
26202030,2023/09/24,17,0.003,0,0.003,0.003,,0.046,,,,0.009,4,,,,,
26202030,2023/09/24,18,0.003,0,0.006,0.006,,0.043,,,,0.009,5,,,,,
26202030,2023/09/24,19,0.001,0,0.004,0.004,,0.031,,,,0.013,7,,,,,
26202030,2023/09/24,20,0.001,0,0.003,0.003,,0.027,,,,0.012,5,,,,,
26202030,2023/09/24,21,0.001,0,0.003,0.003,,0.025,,,,0.012,4,,,,,
26202030,2023/09/24,22,0.001,0.001,0.003,0.004,,0.019,,,,0.015,5,,,,,
26202030,2023/09/24,23,0.001,0,0.003,0.003,,0.017,,,,0.014,4,,,,,
26202030,2023/09/24,24,0.001,0,0.003,0.003,,0.013,,,,0.018,5,,,,,
26202030,2023/09/25,01,0.001,0,0.003,0.003,,0.012,,,,0.015,4,,,,,
26202030,2023/09/25,02,0.001,0,0.004,0.004,,0.009,,,,0.013,4,,,,,
26202030,2023/09/25,03,0.001,0,0.004,0.004,,0.007,,,,0.017,5,,,,,
26202030,2023/09/25,04,0.001,0,0.005,0.005,,0.007,,,,0.016,4,,,,,
26202030,2023/09/25,05,0.001,0,0.004,0.004,,0.006,,,,0.016,5,,,,,
26202030,2023/09/25,06,0.001,0.001,0.005,0.006,,0.005,,,,0.018,5,,,,,
26202030,2023/09/25,07,0.001,0.001,0.003,0.004,,0.006,,,,0.017,4,,,,,
26202030,2023/09/25,08,0.007,0.006,0.007,0.013,,0.009,,,,0.029,8,,,,,
26202030,2023/09/25,09,0.029,0.007,0.012,0.019,,0.012,,,,0.039,18,,,,,
26202030,2023/09/25,10,0.017,0.008,0.010,0.018,,0.022,,,,0.030,13,,,,,
26202030,2023/09/25,11,0.003,0.001,0.004,0.005,,0.036,,,,0.015,10,,,,,
26202030,2023/09/25,12,0.002,0.001,0.002,0.003,,0.042,,,,0.023,13,,,,,
26202030,2023/09/25,13,-,0,0.002,0.002,,-,,,,-,-,,,,,
26202030,2023/09/25,14,0.001,0.001,0.003,0.004,,0.047,,,,-,-,,,,,
26202030,2023/09/25,15,0.001,0,0.004,0.004,,0.045,,,,-,-,,,,,
26202030,2023/09/25,16,0.001,0.001,0.005,0.006,,0.042,,,,0.020,11,,,,,
26202030,2023/09/25,17,0.003,0.001,0.007,0.008,,0.044,,,,0.015,11,,,,,
26202030,2023/09/25,18,0.002,0,0.003,0.003,,0.041,,,,0.015,10,,,,,
26202030,2023/09/25,19,0.001,0,0.004,0.004,,0.029,,,,0.018,10,,,,,
26202030,2023/09/25,20,0.001,0,0.004,0.004,,0.024,,,,0.018,9,,,,,
26202030,2023/09/25,21,0.001,0,0.006,0.006,,0.022,,,,0.016,8,,,,,
26202030,2023/09/25,22,0.001,0.001,0.005,0.006,,0.020,,,,0.018,8,,,,,
26202030,2023/09/25,23,0.001,0,0.006,0.006,,0.016,,,,0.018,7,,,,,
26202030,2023/09/25,24,0.002,0,0.007,0.007,,0.014,,,,0.022,8,,,,,
26202030,2023/09/26,01,0.004,0.001,0.012,0.013,,0.009,,,,0.025,10,,,,,
26202030,2023/09/26,02,0.003,0.001,0.009,0.010,,0.009,,,,0.025,10,,,,,
26202030,2023/09/26,03,0.002,0,0.007,0.007,,0.011,,,,0.022,8,,,,,
26202030,2023/09/26,04,0.002,0,0.006,0.006,,0.012,,,,0.024,9,,,,,
26202030,2023/09/26,05,0.001,0,0.005,0.005,,0.013,,,,0.020,8,,,,,
26202030,2023/09/26,06,0.001,0,0.005,0.005,,0.013,,,,0.023,8,,,,,
26202030,2023/09/26,07,0.001,0.001,0.006,0.007,,0.012,,,,0.022,8,,,,,
26202030,2023/09/26,08,0.002,0.001,0.006,0.007,,0.013,,,,0.024,9,,,,,
26202030,2023/09/26,09,0.007,0.001,0.009,0.010,,0.015,,,,0.035,16,,,,,
26202030,2023/09/26,10,0.005,0.004,0.009,0.013,,0.021,,,,0.029,12,,,,,
26202030,2023/09/26,11,0.005,0.002,0.007,0.009,,0.029,,,,0.027,12,,,,,
26202030,2023/09/26,12,0.002,0.002,0.007,0.009,,0.033,,,,0.016,8,,,,,
26202030,2023/09/26,13,0.002,0.001,0.003,0.004,,0.037,,,,0.015,7,,,,,
26202030,2023/09/26,14,0.001,0,0.002,0.002,,0.039,,,,0.015,9,,,,,
26202030,2023/09/26,15,0.001,0.001,0.005,0.006,,0.038,,,,0.012,8,,,,,
26202030,2023/09/26,16,0.002,0.001,0.006,0.007,,0.039,,,,0.013,8,,,,,
26202030,2023/09/26,17,0.002,0,0.003,0.003,,0.038,,,,0.016,10,,,,,
26202030,2023/09/26,18,0.001,0.001,0.004,0.005,,0.032,,,,0.018,10,,,,,
26202030,2023/09/26,19,0.001,0.001,0.004,0.005,,0.025,,,,0.019,9,,,,,
26202030,2023/09/26,20,0.001,0,0.004,0.004,,0.015,,,,0.021,9,,,,,
26202030,2023/09/26,21,0.001,0,0.004,0.004,,0.015,,,,0.019,8,,,,,
26202030,2023/09/26,22,0.001,0,0.005,0.005,,0.014,,,,0.022,9,,,,,
26202030,2023/09/26,23,0.001,0,0.004,0.004,,0.012,,,,0.025,9,,,,,
26202030,2023/09/26,24,0.001,0,0.005,0.005,,0.010,,,,0.023,8,,,,,
26202030,2023/09/27,01,0.001,0,0.005,0.005,,0.009,,,,0.024,9,,,,,
26202030,2023/09/27,02,0.001,0,0.007,0.007,,0.007,,,,0.024,8,,,,,
26202030,2023/09/27,03,0.001,0,0.007,0.007,,0.006,,,,0.026,9,,,,,
26202030,2023/09/27,04,0.002,0.001,0.008,0.009,,0.007,,,,0.032,11,,,,,
26202030,2023/09/27,05,0.002,0,0.006,0.006,,0.008,,,,0.032,11,,,,,
26202030,2023/09/27,06,0.001,0,0.006,0.006,,0.009,,,,0.033,11,,,,,
26202030,2023/09/27,07,0.001,0.002,0.006,0.008,,0.009,,,,0.032,10,,,,,
26202030,2023/09/27,08,0.003,0.003,0.007,0.010,,0.015,,,,0.043,15,,,,,
26202030,2023/09/27,09,0.003,0.002,0.006,0.008,,0.031,,,,0.026,10,,,,,
26202030,2023/09/27,10,0.002,0.001,0.003,0.004,,0.040,,,,0.023,10,,,,,
26202030,2023/09/27,11,0.001,0,0.002,0.002,,0.042,,,,0.018,11,,,,,
26202030,2023/09/27,12,0.001,0.001,0.003,0.004,,0.045,,,,0.018,10,,,,,
26202030,2023/09/27,13,0.001,0,0.003,0.003,,0.047,,,,0.018,12,,,,,
26202030,2023/09/27,14,0.005,0,0.006,0.006,,0.042,,,,0.019,11,,,,,
26202030,2023/09/27,15,0.002,0,0.004,0.004,,0.039,,,,0.021,10,,,,,
26202030,2023/09/27,16,0.001,0,0.002,0.002,,0.036,,,,0.020,8,,,,,
26202030,2023/09/27,17,0.001,0.001,0.002,0.003,,0.036,,,,0.019,7,,,,,
26202030,2023/09/27,18,0.001,0,0.003,0.003,,0.037,,,,0.018,7,,,,,
26202030,2023/09/27,19,0.001,0,0.003,0.003,,0.033,,,,0.022,8,,,,,
26202030,2023/09/27,20,0.001,0,0.003,0.003,,0.019,,,,0.021,8,,,,,
26202030,2023/09/27,21,0.001,0,0.004,0.004,,0.010,,,,0.024,8,,,,,
26202030,2023/09/27,22,0.001,0.002,0.004,0.006,,0.006,,,,0.023,8,,,,,
26202030,2023/09/27,23,0.001,0,0.004,0.004,,0.006,,,,0.022,7,,,,,
26202030,2023/09/27,24,0.001,0,0.004,0.004,,0.006,,,,0.025,8,,,,,
26202030,2023/09/28,01,0.001,0,0.003,0.003,,0.004,,,,0.025,8,,,,,
26202030,2023/09/28,02,0.001,0,0.004,0.004,,0.004,,,,0.026,8,,,,,
26202030,2023/09/28,03,0.001,0.001,0.003,0.004,,0.002,,,,0.026,8,,,,,
26202030,2023/09/28,04,0.001,0.001,0.003,0.004,,0.001,,,,0.025,8,,,,,
26202030,2023/09/28,05,0.001,0.001,0.004,0.005,,0.001,,,,0.034,11,,,,,
26202030,2023/09/28,06,0.001,0.001,0.005,0.006,,0.001,,,,0.040,13,,,,,
26202030,2023/09/28,07,0.001,0.004,0.004,0.008,,0.001,,,,0.037,11,,,,,
26202030,2023/09/28,08,0.001,0.004,0.004,0.008,,0.004,,,,0.037,12,,,,,
26202030,2023/09/28,09,0.004,0.012,0.010,0.022,,0.010,,,,0.040,17,,,,,
26202030,2023/09/28,10,0.014,0.011,0.020,0.031,,0.023,,,,0.062,36,,,,,
26202030,2023/09/28,11,0.003,0.001,0.005,0.006,,0.037,,,,0.023,14,,,,,
26202030,2023/09/28,12,0.002,0.001,0.003,0.004,,0.037,,,,0.013,9,,,,,
26202030,2023/09/28,13,0.007,0.001,0.007,0.008,,0.037,,,,0.020,12,,,,,
26202030,2023/09/28,14,0.005,0.001,0.004,0.005,,0.041,,,,0.013,9,,,,,
26202030,2023/09/28,15,0.001,0,0.002,0.002,,0.043,,,,0.006,4,,,,,
26202030,2023/09/28,16,0.001,0.001,0.003,0.004,,0.041,,,,0.006,3,,,,,
26202030,2023/09/28,17,0.001,0.001,0.004,0.005,,0.040,,,,0.008,4,,,,,
26202030,2023/09/28,18,0.001,0.001,0.004,0.005,,0.038,,,,0.005,2,,,,,
26202030,2023/09/28,19,0.001,0,0.003,0.003,,0.038,,,,0.006,4,,,,,
26202030,2023/09/28,20,0.001,0,0.003,0.003,,0.031,,,,0.007,3,,,,,
26202030,2023/09/28,21,0.001,0.001,0.003,0.004,,0.024,,,,0.008,4,,,,,
26202030,2023/09/28,22,0.001,0.001,0.003,0.004,,0.022,,,,0.008,3,,,,,
26202030,2023/09/28,23,0.001,0,0.003,0.003,,0.015,,,,0.011,4,,,,,
26202030,2023/09/28,24,0.001,0,0.004,0.004,,0.011,,,,0.012,3,,,,,
26202030,2023/09/29,01,0.001,0,0.004,0.004,,0.008,,,,0.006,2,,,,,
26202030,2023/09/29,02,0.001,0,0.004,0.004,,0.006,,,,0.007,1,,,,,
26202030,2023/09/29,03,0.001,0,0.004,0.004,,0.004,,,,0.008,2,,,,,
26202030,2023/09/29,04,0.001,0.001,0.004,0.005,,0.002,,,,0.013,4,,,,,
26202030,2023/09/29,05,0.001,0.001,0.004,0.005,,0.002,,,,0.012,3,,,,,
26202030,2023/09/29,06,0.001,0.001,0.004,0.005,,0.001,,,,0.013,3,,,,,
26202030,2023/09/29,07,0.001,0.003,0.003,0.006,,0.002,,,,0.019,4,,,,,
26202030,2023/09/29,08,0.001,0.006,0.004,0.010,,0.006,,,,0.028,7,,,,,
26202030,2023/09/29,09,0.001,0.003,0.004,0.007,,0.020,,,,0.017,4,,,,,
26202030,2023/09/29,10,0.002,0.001,0.004,0.005,,0.038,,,,0.015,6,,,,,
26202030,2023/09/29,11,0.003,0.001,0.002,0.003,,0.047,,,,0.021,12,,,,,
26202030,2023/09/29,12,0.004,0.001,0.002,0.003,,0.050,,,,0.023,15,,,,,
26202030,2023/09/29,13,0.006,0.001,0.002,0.003,,0.051,,,,0.023,15,,,,,
26202030,2023/09/29,14,0.002,0.001,0.002,0.003,,0.051,,,,0.013,11,,,,,
26202030,2023/09/29,15,0.001,0.001,0.002,0.003,,0.053,,,,0.015,11,,,,,
26202030,2023/09/29,16,0.001,0.001,0.002,0.003,,0.053,,,,0.020,13,,,,,
26202030,2023/09/29,17,0.001,0.001,0.002,0.003,,0.053,,,,0.014,11,,,,,
26202030,2023/09/29,18,0.001,0,0.002,0.002,,0.050,,,,0.019,13,,,,,
26202030,2023/09/29,19,0.001,0.001,0.002,0.003,,0.036,,,,0.022,14,,,,,
26202030,2023/09/29,20,0.001,0.001,0.003,0.004,,0.030,,,,0.026,13,,,,,
26202030,2023/09/29,21,0.001,0.001,0.003,0.004,,0.025,,,,0.028,12,,,,,
26202030,2023/09/29,22,0.001,0.001,0.003,0.004,,0.020,,,,0.028,11,,,,,
26202030,2023/09/29,23,0.001,0,0.003,0.003,,0.018,,,,0.029,11,,,,,
26202030,2023/09/29,24,0.001,0,0.003,0.003,,0.016,,,,0.030,11,,,,,
26202030,2023/09/30,01,0.001,0,0.003,0.003,,0.014,,,,0.026,9,,,,,
26202030,2023/09/30,02,0.001,0,0.003,0.003,,0.013,,,,0.029,11,,,,,
26202030,2023/09/30,03,0.001,0.001,0.003,0.004,,0.011,,,,0.028,10,,,,,
26202030,2023/09/30,04,0.001,0,0.003,0.003,,0.011,,,,0.032,11,,,,,
26202030,2023/09/30,05,0.001,0,0.003,0.003,,0.009,,,,0.031,11,,,,,
26202030,2023/09/30,06,0.001,0,0.003,0.003,,0.008,,,,0.025,9,,,,,
26202030,2023/09/30,07,0.001,0.002,0.003,0.005,,0.007,,,,0.035,11,,,,,
26202030,2023/09/30,08,0.001,0.002,0.002,0.004,,0.013,,,,0.028,9,,,,,
26202030,2023/09/30,09,0.001,0.001,0.002,0.003,,0.024,,,,0.020,7,,,,,
26202030,2023/09/30,10,0.001,0.002,0.004,0.006,,0.025,,,,0.021,11,,,,,
26202030,2023/09/30,11,0.001,0.001,0.004,0.005,,0.037,,,,0.028,16,,,,,
26202030,2023/09/30,12,0.001,0.001,0.002,0.003,,0.049,,,,0.024,15,,,,,
26202030,2023/09/30,13,0.002,0.001,0.002,0.003,,0.052,,,,0.014,11,,,,,
26202030,2023/09/30,14,0.001,0.001,0.001,0.002,,0.052,,,,0.014,9,,,,,
26202030,2023/09/30,15,0.001,0.001,0.002,0.003,,0.053,,,,0.011,11,,,,,
26202030,2023/09/30,16,0.002,0.001,0.005,0.006,,0.052,,,,0.012,10,,,,,
26202030,2023/09/30,17,0.003,0.001,0.004,0.005,,0.051,,,,0.016,10,,,,,
26202030,2023/09/30,18,0.001,0.001,0.003,0.004,,0.048,,,,0.016,9,,,,,
26202030,2023/09/30,19,0.001,0,0.004,0.004,,0.049,,,,0.016,9,,,,,
26202030,2023/09/30,20,0.001,0.001,0.005,0.006,,0.051,,,,0.010,5,,,,,
26202030,2023/09/30,21,0.001,0,0.003,0.003,,0.048,,,,0.013,4,,,,,
26202030,2023/09/30,22,0.002,0,0.003,0.003,,0.049,,,,0.017,6,,,,,
26202030,2023/09/30,23,0.001,0,0.001,0.001,,0.048,,,,0.017,5,,,,,
26202030,2023/09/30,24,0.001,0,0.001,0.001,,0.046,,,,0.019,6,,,,,
